questionnaire_id,questionnaire_title,response_id,submitted_at_iso,rater_id,rater_username,book_id,book_title,book_url,question_id,question_scope,question_order,question_text,page_number,likert
12,Ed Sci Exp 1 Teacher Chinese,116,2025-08-30T09:15:37.345197+00:00,126,yaochunlin,324,"EFL Adaptation 1 (gpt-image-1, gpt-5, Chinese glosses)",/accounts/public_content/324/,129,BOOK,1,How consistent is the style of the images overall?,,4
12,Ed Sci Exp 1 Teacher Chinese,116,2025-08-30T09:15:37.345197+00:00,126,yaochunlin,324,"EFL Adaptation 1 (gpt-image-1, gpt-5, Chinese glosses)",/accounts/public_content/324/,130,BOOK,2,How consistent is the appearance of the elements overall?,,4
12,Ed Sci Exp 1 Teacher Chinese,116,2025-08-30T09:15:37.345197+00:00,126,yaochunlin,324,"EFL Adaptation 1 (gpt-image-1, gpt-5, Chinese glosses)",/accounts/public_content/324/,131,BOOK,3,How culturally appropriate are the images to the relevant culture?,,4
12,Ed Sci Exp 1 Teacher Chinese,116,2025-08-30T09:15:37.345197+00:00,126,yaochunlin,324,"EFL Adaptation 1 (gpt-image-1, gpt-5, Chinese glosses)",/accounts/public_content/324/,132,BOOK,4,How visually appealing do you find the images overall?,,4
12,Ed Sci Exp 1 Teacher Chinese,116,2025-08-30T09:15:37.345197+00:00,126,yaochunlin,324,"EFL Adaptation 1 (gpt-image-1, gpt-5, Chinese glosses)",/accounts/public_content/324/,149,PAGE,1,How well does the image correspond to the text?,1,4
12,Ed Sci Exp 1 Teacher Chinese,116,2025-08-30T09:15:37.345197+00:00,126,yaochunlin,324,"EFL Adaptation 1 (gpt-image-1, gpt-5, Chinese glosses)",/accounts/public_content/324/,149,PAGE,1,How well does the image correspond to the text?,2,4
12,Ed Sci Exp 1 Teacher Chinese,116,2025-08-30T09:15:37.345197+00:00,126,yaochunlin,324,"EFL Adaptation 1 (gpt-image-1, gpt-5, Chinese glosses)",/accounts/public_content/324/,149,PAGE,1,How well does the image correspond to the text?,3,5
12,Ed Sci Exp 1 Teacher Chinese,116,2025-08-30T09:15:37.345197+00:00,126,yaochunlin,324,"EFL Adaptation 1 (gpt-image-1, gpt-5, Chinese glosses)",/accounts/public_content/324/,149,PAGE,1,How well does the image correspond to the text?,4,4
12,Ed Sci Exp 1 Teacher Chinese,116,2025-08-30T09:15:37.345197+00:00,126,yaochunlin,324,"EFL Adaptation 1 (gpt-image-1, gpt-5, Chinese glosses)",/accounts/public_content/324/,149,PAGE,1,How well does the image correspond to the text?,5,4
12,Ed Sci Exp 1 Teacher Chinese,116,2025-08-30T09:15:37.345197+00:00,126,yaochunlin,324,"EFL Adaptation 1 (gpt-image-1, gpt-5, Chinese glosses)",/accounts/public_content/324/,149,PAGE,1,How well does the image correspond to the text?,6,4
12,Ed Sci Exp 1 Teacher Chinese,116,2025-08-30T09:15:37.345197+00:00,126,yaochunlin,324,"EFL Adaptation 1 (gpt-image-1, gpt-5, Chinese glosses)",/accounts/public_content/324/,149,PAGE,1,How well does the image correspond to the text?,7,5
12,Ed Sci Exp 1 Teacher Chinese,116,2025-08-30T09:15:37.345197+00:00,126,yaochunlin,324,"EFL Adaptation 1 (gpt-image-1, gpt-5, Chinese glosses)",/accounts/public_content/324/,149,PAGE,1,How well does the image correspond to the text?,8,5
12,Ed Sci Exp 1 Teacher Chinese,116,2025-08-30T09:15:37.345197+00:00,126,yaochunlin,324,"EFL Adaptation 1 (gpt-image-1, gpt-5, Chinese glosses)",/accounts/public_content/324/,149,PAGE,1,How well does the image correspond to the text?,9,5
12,Ed Sci Exp 1 Teacher Chinese,116,2025-08-30T09:15:37.345197+00:00,126,yaochunlin,324,"EFL Adaptation 1 (gpt-image-1, gpt-5, Chinese glosses)",/accounts/public_content/324/,149,PAGE,1,How well does the image correspond to the text?,10,5
12,Ed Sci Exp 1 Teacher Chinese,116,2025-08-30T09:15:37.345197+00:00,126,yaochunlin,324,"EFL Adaptation 1 (gpt-image-1, gpt-5, Chinese glosses)",/accounts/public_content/324/,149,PAGE,1,How well does the image correspond to the text?,11,5
12,Ed Sci Exp 1 Teacher Chinese,116,2025-08-30T09:15:37.345197+00:00,126,yaochunlin,324,"EFL Adaptation 1 (gpt-image-1, gpt-5, Chinese glosses)",/accounts/public_content/324/,149,PAGE,1,How well does the image correspond to the text?,12,5
12,Ed Sci Exp 1 Teacher Chinese,116,2025-08-30T09:15:37.345197+00:00,126,yaochunlin,324,"EFL Adaptation 1 (gpt-image-1, gpt-5, Chinese glosses)",/accounts/public_content/324/,149,PAGE,1,How well does the image correspond to the text?,13,5
12,Ed Sci Exp 1 Teacher Chinese,116,2025-08-30T09:15:37.345197+00:00,126,yaochunlin,324,"EFL Adaptation 1 (gpt-image-1, gpt-5, Chinese glosses)",/accounts/public_content/324/,149,PAGE,1,How well does the image correspond to the text?,14,5
12,Ed Sci Exp 1 Teacher Chinese,116,2025-08-30T09:15:37.345197+00:00,126,yaochunlin,324,"EFL Adaptation 1 (gpt-image-1, gpt-5, Chinese glosses)",/accounts/public_content/324/,149,PAGE,1,How well does the image correspond to the text?,15,5
12,Ed Sci Exp 1 Teacher Chinese,116,2025-08-30T09:15:37.345197+00:00,126,yaochunlin,324,"EFL Adaptation 1 (gpt-image-1, gpt-5, Chinese glosses)",/accounts/public_content/324/,150,PAGE,2,How accurate are the glosses?,1,5
12,Ed Sci Exp 1 Teacher Chinese,116,2025-08-30T09:15:37.345197+00:00,126,yaochunlin,324,"EFL Adaptation 1 (gpt-image-1, gpt-5, Chinese glosses)",/accounts/public_content/324/,150,PAGE,2,How accurate are the glosses?,2,4
12,Ed Sci Exp 1 Teacher Chinese,116,2025-08-30T09:15:37.345197+00:00,126,yaochunlin,324,"EFL Adaptation 1 (gpt-image-1, gpt-5, Chinese glosses)",/accounts/public_content/324/,150,PAGE,2,How accurate are the glosses?,3,5
12,Ed Sci Exp 1 Teacher Chinese,116,2025-08-30T09:15:37.345197+00:00,126,yaochunlin,324,"EFL Adaptation 1 (gpt-image-1, gpt-5, Chinese glosses)",/accounts/public_content/324/,150,PAGE,2,How accurate are the glosses?,4,5
12,Ed Sci Exp 1 Teacher Chinese,116,2025-08-30T09:15:37.345197+00:00,126,yaochunlin,324,"EFL Adaptation 1 (gpt-image-1, gpt-5, Chinese glosses)",/accounts/public_content/324/,150,PAGE,2,How accurate are the glosses?,5,5
12,Ed Sci Exp 1 Teacher Chinese,116,2025-08-30T09:15:37.345197+00:00,126,yaochunlin,324,"EFL Adaptation 1 (gpt-image-1, gpt-5, Chinese glosses)",/accounts/public_content/324/,150,PAGE,2,How accurate are the glosses?,6,5
12,Ed Sci Exp 1 Teacher Chinese,116,2025-08-30T09:15:37.345197+00:00,126,yaochunlin,324,"EFL Adaptation 1 (gpt-image-1, gpt-5, Chinese glosses)",/accounts/public_content/324/,150,PAGE,2,How accurate are the glosses?,7,4
12,Ed Sci Exp 1 Teacher Chinese,116,2025-08-30T09:15:37.345197+00:00,126,yaochunlin,324,"EFL Adaptation 1 (gpt-image-1, gpt-5, Chinese glosses)",/accounts/public_content/324/,150,PAGE,2,How accurate are the glosses?,8,4
12,Ed Sci Exp 1 Teacher Chinese,116,2025-08-30T09:15:37.345197+00:00,126,yaochunlin,324,"EFL Adaptation 1 (gpt-image-1, gpt-5, Chinese glosses)",/accounts/public_content/324/,150,PAGE,2,How accurate are the glosses?,9,4
12,Ed Sci Exp 1 Teacher Chinese,116,2025-08-30T09:15:37.345197+00:00,126,yaochunlin,324,"EFL Adaptation 1 (gpt-image-1, gpt-5, Chinese glosses)",/accounts/public_content/324/,150,PAGE,2,How accurate are the glosses?,10,4
12,Ed Sci Exp 1 Teacher Chinese,116,2025-08-30T09:15:37.345197+00:00,126,yaochunlin,324,"EFL Adaptation 1 (gpt-image-1, gpt-5, Chinese glosses)",/accounts/public_content/324/,150,PAGE,2,How accurate are the glosses?,11,5
12,Ed Sci Exp 1 Teacher Chinese,116,2025-08-30T09:15:37.345197+00:00,126,yaochunlin,324,"EFL Adaptation 1 (gpt-image-1, gpt-5, Chinese glosses)",/accounts/public_content/324/,150,PAGE,2,How accurate are the glosses?,12,4
12,Ed Sci Exp 1 Teacher Chinese,116,2025-08-30T09:15:37.345197+00:00,126,yaochunlin,324,"EFL Adaptation 1 (gpt-image-1, gpt-5, Chinese glosses)",/accounts/public_content/324/,150,PAGE,2,How accurate are the glosses?,13,5
12,Ed Sci Exp 1 Teacher Chinese,116,2025-08-30T09:15:37.345197+00:00,126,yaochunlin,324,"EFL Adaptation 1 (gpt-image-1, gpt-5, Chinese glosses)",/accounts/public_content/324/,150,PAGE,2,How accurate are the glosses?,14,5
12,Ed Sci Exp 1 Teacher Chinese,116,2025-08-30T09:15:37.345197+00:00,126,yaochunlin,324,"EFL Adaptation 1 (gpt-image-1, gpt-5, Chinese glosses)",/accounts/public_content/324/,150,PAGE,2,How accurate are the glosses?,15,5
12,Ed Sci Exp 1 Teacher Chinese,116,2025-08-30T09:15:37.345197+00:00,126,yaochunlin,324,"EFL Adaptation 1 (gpt-image-1, gpt-5, Chinese glosses)",/accounts/public_content/324/,151,PAGE,3,How accurate are the translations?,1,5
12,Ed Sci Exp 1 Teacher Chinese,116,2025-08-30T09:15:37.345197+00:00,126,yaochunlin,324,"EFL Adaptation 1 (gpt-image-1, gpt-5, Chinese glosses)",/accounts/public_content/324/,151,PAGE,3,How accurate are the translations?,2,5
12,Ed Sci Exp 1 Teacher Chinese,116,2025-08-30T09:15:37.345197+00:00,126,yaochunlin,324,"EFL Adaptation 1 (gpt-image-1, gpt-5, Chinese glosses)",/accounts/public_content/324/,151,PAGE,3,How accurate are the translations?,3,5
12,Ed Sci Exp 1 Teacher Chinese,116,2025-08-30T09:15:37.345197+00:00,126,yaochunlin,324,"EFL Adaptation 1 (gpt-image-1, gpt-5, Chinese glosses)",/accounts/public_content/324/,151,PAGE,3,How accurate are the translations?,4,5
12,Ed Sci Exp 1 Teacher Chinese,116,2025-08-30T09:15:37.345197+00:00,126,yaochunlin,324,"EFL Adaptation 1 (gpt-image-1, gpt-5, Chinese glosses)",/accounts/public_content/324/,151,PAGE,3,How accurate are the translations?,5,5
12,Ed Sci Exp 1 Teacher Chinese,116,2025-08-30T09:15:37.345197+00:00,126,yaochunlin,324,"EFL Adaptation 1 (gpt-image-1, gpt-5, Chinese glosses)",/accounts/public_content/324/,151,PAGE,3,How accurate are the translations?,6,5
12,Ed Sci Exp 1 Teacher Chinese,116,2025-08-30T09:15:37.345197+00:00,126,yaochunlin,324,"EFL Adaptation 1 (gpt-image-1, gpt-5, Chinese glosses)",/accounts/public_content/324/,151,PAGE,3,How accurate are the translations?,7,5
12,Ed Sci Exp 1 Teacher Chinese,116,2025-08-30T09:15:37.345197+00:00,126,yaochunlin,324,"EFL Adaptation 1 (gpt-image-1, gpt-5, Chinese glosses)",/accounts/public_content/324/,151,PAGE,3,How accurate are the translations?,8,5
12,Ed Sci Exp 1 Teacher Chinese,116,2025-08-30T09:15:37.345197+00:00,126,yaochunlin,324,"EFL Adaptation 1 (gpt-image-1, gpt-5, Chinese glosses)",/accounts/public_content/324/,151,PAGE,3,How accurate are the translations?,9,5
12,Ed Sci Exp 1 Teacher Chinese,116,2025-08-30T09:15:37.345197+00:00,126,yaochunlin,324,"EFL Adaptation 1 (gpt-image-1, gpt-5, Chinese glosses)",/accounts/public_content/324/,151,PAGE,3,How accurate are the translations?,10,5
12,Ed Sci Exp 1 Teacher Chinese,116,2025-08-30T09:15:37.345197+00:00,126,yaochunlin,324,"EFL Adaptation 1 (gpt-image-1, gpt-5, Chinese glosses)",/accounts/public_content/324/,151,PAGE,3,How accurate are the translations?,11,4
12,Ed Sci Exp 1 Teacher Chinese,116,2025-08-30T09:15:37.345197+00:00,126,yaochunlin,324,"EFL Adaptation 1 (gpt-image-1, gpt-5, Chinese glosses)",/accounts/public_content/324/,151,PAGE,3,How accurate are the translations?,12,5
12,Ed Sci Exp 1 Teacher Chinese,116,2025-08-30T09:15:37.345197+00:00,126,yaochunlin,324,"EFL Adaptation 1 (gpt-image-1, gpt-5, Chinese glosses)",/accounts/public_content/324/,151,PAGE,3,How accurate are the translations?,13,4
12,Ed Sci Exp 1 Teacher Chinese,116,2025-08-30T09:15:37.345197+00:00,126,yaochunlin,324,"EFL Adaptation 1 (gpt-image-1, gpt-5, Chinese glosses)",/accounts/public_content/324/,151,PAGE,3,How accurate are the translations?,14,4
12,Ed Sci Exp 1 Teacher Chinese,116,2025-08-30T09:15:37.345197+00:00,126,yaochunlin,324,"EFL Adaptation 1 (gpt-image-1, gpt-5, Chinese glosses)",/accounts/public_content/324/,151,PAGE,3,How accurate are the translations?,15,4
12,Ed Sci Exp 1 Teacher Chinese,123,2025-09-02T01:50:25.240023+00:00,136,zhangyan,324,"EFL Adaptation 1 (gpt-image-1, gpt-5, Chinese glosses)",/accounts/public_content/324/,129,BOOK,1,How consistent is the style of the images overall?,,5
12,Ed Sci Exp 1 Teacher Chinese,123,2025-09-02T01:50:25.240023+00:00,136,zhangyan,324,"EFL Adaptation 1 (gpt-image-1, gpt-5, Chinese glosses)",/accounts/public_content/324/,130,BOOK,2,How consistent is the appearance of the elements overall?,,4
12,Ed Sci Exp 1 Teacher Chinese,123,2025-09-02T01:50:25.240023+00:00,136,zhangyan,324,"EFL Adaptation 1 (gpt-image-1, gpt-5, Chinese glosses)",/accounts/public_content/324/,131,BOOK,3,How culturally appropriate are the images to the relevant culture?,,5
12,Ed Sci Exp 1 Teacher Chinese,123,2025-09-02T01:50:25.240023+00:00,136,zhangyan,324,"EFL Adaptation 1 (gpt-image-1, gpt-5, Chinese glosses)",/accounts/public_content/324/,132,BOOK,4,How visually appealing do you find the images overall?,,4
12,Ed Sci Exp 1 Teacher Chinese,123,2025-09-02T01:50:25.240023+00:00,136,zhangyan,324,"EFL Adaptation 1 (gpt-image-1, gpt-5, Chinese glosses)",/accounts/public_content/324/,149,PAGE,1,How well does the image correspond to the text?,1,4
12,Ed Sci Exp 1 Teacher Chinese,123,2025-09-02T01:50:25.240023+00:00,136,zhangyan,324,"EFL Adaptation 1 (gpt-image-1, gpt-5, Chinese glosses)",/accounts/public_content/324/,149,PAGE,1,How well does the image correspond to the text?,2,4
12,Ed Sci Exp 1 Teacher Chinese,123,2025-09-02T01:50:25.240023+00:00,136,zhangyan,324,"EFL Adaptation 1 (gpt-image-1, gpt-5, Chinese glosses)",/accounts/public_content/324/,149,PAGE,1,How well does the image correspond to the text?,3,5
12,Ed Sci Exp 1 Teacher Chinese,123,2025-09-02T01:50:25.240023+00:00,136,zhangyan,324,"EFL Adaptation 1 (gpt-image-1, gpt-5, Chinese glosses)",/accounts/public_content/324/,149,PAGE,1,How well does the image correspond to the text?,4,4
12,Ed Sci Exp 1 Teacher Chinese,123,2025-09-02T01:50:25.240023+00:00,136,zhangyan,324,"EFL Adaptation 1 (gpt-image-1, gpt-5, Chinese glosses)",/accounts/public_content/324/,149,PAGE,1,How well does the image correspond to the text?,5,5
12,Ed Sci Exp 1 Teacher Chinese,123,2025-09-02T01:50:25.240023+00:00,136,zhangyan,324,"EFL Adaptation 1 (gpt-image-1, gpt-5, Chinese glosses)",/accounts/public_content/324/,149,PAGE,1,How well does the image correspond to the text?,6,5
12,Ed Sci Exp 1 Teacher Chinese,123,2025-09-02T01:50:25.240023+00:00,136,zhangyan,324,"EFL Adaptation 1 (gpt-image-1, gpt-5, Chinese glosses)",/accounts/public_content/324/,149,PAGE,1,How well does the image correspond to the text?,7,4
12,Ed Sci Exp 1 Teacher Chinese,123,2025-09-02T01:50:25.240023+00:00,136,zhangyan,324,"EFL Adaptation 1 (gpt-image-1, gpt-5, Chinese glosses)",/accounts/public_content/324/,149,PAGE,1,How well does the image correspond to the text?,8,5
12,Ed Sci Exp 1 Teacher Chinese,123,2025-09-02T01:50:25.240023+00:00,136,zhangyan,324,"EFL Adaptation 1 (gpt-image-1, gpt-5, Chinese glosses)",/accounts/public_content/324/,149,PAGE,1,How well does the image correspond to the text?,9,5
12,Ed Sci Exp 1 Teacher Chinese,123,2025-09-02T01:50:25.240023+00:00,136,zhangyan,324,"EFL Adaptation 1 (gpt-image-1, gpt-5, Chinese glosses)",/accounts/public_content/324/,149,PAGE,1,How well does the image correspond to the text?,10,4
12,Ed Sci Exp 1 Teacher Chinese,123,2025-09-02T01:50:25.240023+00:00,136,zhangyan,324,"EFL Adaptation 1 (gpt-image-1, gpt-5, Chinese glosses)",/accounts/public_content/324/,149,PAGE,1,How well does the image correspond to the text?,11,5
12,Ed Sci Exp 1 Teacher Chinese,123,2025-09-02T01:50:25.240023+00:00,136,zhangyan,324,"EFL Adaptation 1 (gpt-image-1, gpt-5, Chinese glosses)",/accounts/public_content/324/,149,PAGE,1,How well does the image correspond to the text?,12,4
12,Ed Sci Exp 1 Teacher Chinese,123,2025-09-02T01:50:25.240023+00:00,136,zhangyan,324,"EFL Adaptation 1 (gpt-image-1, gpt-5, Chinese glosses)",/accounts/public_content/324/,149,PAGE,1,How well does the image correspond to the text?,13,5
12,Ed Sci Exp 1 Teacher Chinese,123,2025-09-02T01:50:25.240023+00:00,136,zhangyan,324,"EFL Adaptation 1 (gpt-image-1, gpt-5, Chinese glosses)",/accounts/public_content/324/,149,PAGE,1,How well does the image correspond to the text?,14,4
12,Ed Sci Exp 1 Teacher Chinese,123,2025-09-02T01:50:25.240023+00:00,136,zhangyan,324,"EFL Adaptation 1 (gpt-image-1, gpt-5, Chinese glosses)",/accounts/public_content/324/,149,PAGE,1,How well does the image correspond to the text?,15,5
12,Ed Sci Exp 1 Teacher Chinese,123,2025-09-02T01:50:25.240023+00:00,136,zhangyan,324,"EFL Adaptation 1 (gpt-image-1, gpt-5, Chinese glosses)",/accounts/public_content/324/,150,PAGE,2,How accurate are the glosses?,1,5
12,Ed Sci Exp 1 Teacher Chinese,123,2025-09-02T01:50:25.240023+00:00,136,zhangyan,324,"EFL Adaptation 1 (gpt-image-1, gpt-5, Chinese glosses)",/accounts/public_content/324/,150,PAGE,2,How accurate are the glosses?,2,4
12,Ed Sci Exp 1 Teacher Chinese,123,2025-09-02T01:50:25.240023+00:00,136,zhangyan,324,"EFL Adaptation 1 (gpt-image-1, gpt-5, Chinese glosses)",/accounts/public_content/324/,150,PAGE,2,How accurate are the glosses?,3,5
12,Ed Sci Exp 1 Teacher Chinese,123,2025-09-02T01:50:25.240023+00:00,136,zhangyan,324,"EFL Adaptation 1 (gpt-image-1, gpt-5, Chinese glosses)",/accounts/public_content/324/,150,PAGE,2,How accurate are the glosses?,4,4
12,Ed Sci Exp 1 Teacher Chinese,123,2025-09-02T01:50:25.240023+00:00,136,zhangyan,324,"EFL Adaptation 1 (gpt-image-1, gpt-5, Chinese glosses)",/accounts/public_content/324/,150,PAGE,2,How accurate are the glosses?,5,4
12,Ed Sci Exp 1 Teacher Chinese,123,2025-09-02T01:50:25.240023+00:00,136,zhangyan,324,"EFL Adaptation 1 (gpt-image-1, gpt-5, Chinese glosses)",/accounts/public_content/324/,150,PAGE,2,How accurate are the glosses?,6,5
12,Ed Sci Exp 1 Teacher Chinese,123,2025-09-02T01:50:25.240023+00:00,136,zhangyan,324,"EFL Adaptation 1 (gpt-image-1, gpt-5, Chinese glosses)",/accounts/public_content/324/,150,PAGE,2,How accurate are the glosses?,7,4
12,Ed Sci Exp 1 Teacher Chinese,123,2025-09-02T01:50:25.240023+00:00,136,zhangyan,324,"EFL Adaptation 1 (gpt-image-1, gpt-5, Chinese glosses)",/accounts/public_content/324/,150,PAGE,2,How accurate are the glosses?,8,5
12,Ed Sci Exp 1 Teacher Chinese,123,2025-09-02T01:50:25.240023+00:00,136,zhangyan,324,"EFL Adaptation 1 (gpt-image-1, gpt-5, Chinese glosses)",/accounts/public_content/324/,150,PAGE,2,How accurate are the glosses?,9,5
12,Ed Sci Exp 1 Teacher Chinese,123,2025-09-02T01:50:25.240023+00:00,136,zhangyan,324,"EFL Adaptation 1 (gpt-image-1, gpt-5, Chinese glosses)",/accounts/public_content/324/,150,PAGE,2,How accurate are the glosses?,10,4
12,Ed Sci Exp 1 Teacher Chinese,123,2025-09-02T01:50:25.240023+00:00,136,zhangyan,324,"EFL Adaptation 1 (gpt-image-1, gpt-5, Chinese glosses)",/accounts/public_content/324/,150,PAGE,2,How accurate are the glosses?,11,5
12,Ed Sci Exp 1 Teacher Chinese,123,2025-09-02T01:50:25.240023+00:00,136,zhangyan,324,"EFL Adaptation 1 (gpt-image-1, gpt-5, Chinese glosses)",/accounts/public_content/324/,150,PAGE,2,How accurate are the glosses?,12,5
12,Ed Sci Exp 1 Teacher Chinese,123,2025-09-02T01:50:25.240023+00:00,136,zhangyan,324,"EFL Adaptation 1 (gpt-image-1, gpt-5, Chinese glosses)",/accounts/public_content/324/,150,PAGE,2,How accurate are the glosses?,13,5
12,Ed Sci Exp 1 Teacher Chinese,123,2025-09-02T01:50:25.240023+00:00,136,zhangyan,324,"EFL Adaptation 1 (gpt-image-1, gpt-5, Chinese glosses)",/accounts/public_content/324/,150,PAGE,2,How accurate are the glosses?,14,4
12,Ed Sci Exp 1 Teacher Chinese,123,2025-09-02T01:50:25.240023+00:00,136,zhangyan,324,"EFL Adaptation 1 (gpt-image-1, gpt-5, Chinese glosses)",/accounts/public_content/324/,150,PAGE,2,How accurate are the glosses?,15,5
12,Ed Sci Exp 1 Teacher Chinese,123,2025-09-02T01:50:25.240023+00:00,136,zhangyan,324,"EFL Adaptation 1 (gpt-image-1, gpt-5, Chinese glosses)",/accounts/public_content/324/,151,PAGE,3,How accurate are the translations?,1,5
12,Ed Sci Exp 1 Teacher Chinese,123,2025-09-02T01:50:25.240023+00:00,136,zhangyan,324,"EFL Adaptation 1 (gpt-image-1, gpt-5, Chinese glosses)",/accounts/public_content/324/,151,PAGE,3,How accurate are the translations?,2,5
12,Ed Sci Exp 1 Teacher Chinese,123,2025-09-02T01:50:25.240023+00:00,136,zhangyan,324,"EFL Adaptation 1 (gpt-image-1, gpt-5, Chinese glosses)",/accounts/public_content/324/,151,PAGE,3,How accurate are the translations?,3,5
12,Ed Sci Exp 1 Teacher Chinese,123,2025-09-02T01:50:25.240023+00:00,136,zhangyan,324,"EFL Adaptation 1 (gpt-image-1, gpt-5, Chinese glosses)",/accounts/public_content/324/,151,PAGE,3,How accurate are the translations?,4,4
12,Ed Sci Exp 1 Teacher Chinese,123,2025-09-02T01:50:25.240023+00:00,136,zhangyan,324,"EFL Adaptation 1 (gpt-image-1, gpt-5, Chinese glosses)",/accounts/public_content/324/,151,PAGE,3,How accurate are the translations?,5,5
12,Ed Sci Exp 1 Teacher Chinese,123,2025-09-02T01:50:25.240023+00:00,136,zhangyan,324,"EFL Adaptation 1 (gpt-image-1, gpt-5, Chinese glosses)",/accounts/public_content/324/,151,PAGE,3,How accurate are the translations?,6,5
12,Ed Sci Exp 1 Teacher Chinese,123,2025-09-02T01:50:25.240023+00:00,136,zhangyan,324,"EFL Adaptation 1 (gpt-image-1, gpt-5, Chinese glosses)",/accounts/public_content/324/,151,PAGE,3,How accurate are the translations?,7,5
12,Ed Sci Exp 1 Teacher Chinese,123,2025-09-02T01:50:25.240023+00:00,136,zhangyan,324,"EFL Adaptation 1 (gpt-image-1, gpt-5, Chinese glosses)",/accounts/public_content/324/,151,PAGE,3,How accurate are the translations?,8,5
12,Ed Sci Exp 1 Teacher Chinese,123,2025-09-02T01:50:25.240023+00:00,136,zhangyan,324,"EFL Adaptation 1 (gpt-image-1, gpt-5, Chinese glosses)",/accounts/public_content/324/,151,PAGE,3,How accurate are the translations?,9,5
12,Ed Sci Exp 1 Teacher Chinese,123,2025-09-02T01:50:25.240023+00:00,136,zhangyan,324,"EFL Adaptation 1 (gpt-image-1, gpt-5, Chinese glosses)",/accounts/public_content/324/,151,PAGE,3,How accurate are the translations?,10,5
12,Ed Sci Exp 1 Teacher Chinese,123,2025-09-02T01:50:25.240023+00:00,136,zhangyan,324,"EFL Adaptation 1 (gpt-image-1, gpt-5, Chinese glosses)",/accounts/public_content/324/,151,PAGE,3,How accurate are the translations?,11,5
12,Ed Sci Exp 1 Teacher Chinese,123,2025-09-02T01:50:25.240023+00:00,136,zhangyan,324,"EFL Adaptation 1 (gpt-image-1, gpt-5, Chinese glosses)",/accounts/public_content/324/,151,PAGE,3,How accurate are the translations?,12,4
12,Ed Sci Exp 1 Teacher Chinese,123,2025-09-02T01:50:25.240023+00:00,136,zhangyan,324,"EFL Adaptation 1 (gpt-image-1, gpt-5, Chinese glosses)",/accounts/public_content/324/,151,PAGE,3,How accurate are the translations?,13,5
12,Ed Sci Exp 1 Teacher Chinese,123,2025-09-02T01:50:25.240023+00:00,136,zhangyan,324,"EFL Adaptation 1 (gpt-image-1, gpt-5, Chinese glosses)",/accounts/public_content/324/,151,PAGE,3,How accurate are the translations?,14,5
12,Ed Sci Exp 1 Teacher Chinese,123,2025-09-02T01:50:25.240023+00:00,136,zhangyan,324,"EFL Adaptation 1 (gpt-image-1, gpt-5, Chinese glosses)",/accounts/public_content/324/,151,PAGE,3,How accurate are the translations?,15,5
12,Ed Sci Exp 1 Teacher Chinese,129,2025-09-02T02:26:49.916334+00:00,137,weiwei,324,"EFL Adaptation 1 (gpt-image-1, gpt-5, Chinese glosses)",/accounts/public_content/324/,129,BOOK,1,How consistent is the style of the images overall?,,5
12,Ed Sci Exp 1 Teacher Chinese,129,2025-09-02T02:26:49.916334+00:00,137,weiwei,324,"EFL Adaptation 1 (gpt-image-1, gpt-5, Chinese glosses)",/accounts/public_content/324/,130,BOOK,2,How consistent is the appearance of the elements overall?,,5
12,Ed Sci Exp 1 Teacher Chinese,129,2025-09-02T02:26:49.916334+00:00,137,weiwei,324,"EFL Adaptation 1 (gpt-image-1, gpt-5, Chinese glosses)",/accounts/public_content/324/,131,BOOK,3,How culturally appropriate are the images to the relevant culture?,,5
12,Ed Sci Exp 1 Teacher Chinese,129,2025-09-02T02:26:49.916334+00:00,137,weiwei,324,"EFL Adaptation 1 (gpt-image-1, gpt-5, Chinese glosses)",/accounts/public_content/324/,132,BOOK,4,How visually appealing do you find the images overall?,,4
12,Ed Sci Exp 1 Teacher Chinese,129,2025-09-02T02:26:49.916334+00:00,137,weiwei,324,"EFL Adaptation 1 (gpt-image-1, gpt-5, Chinese glosses)",/accounts/public_content/324/,149,PAGE,1,How well does the image correspond to the text?,1,5
12,Ed Sci Exp 1 Teacher Chinese,129,2025-09-02T02:26:49.916334+00:00,137,weiwei,324,"EFL Adaptation 1 (gpt-image-1, gpt-5, Chinese glosses)",/accounts/public_content/324/,149,PAGE,1,How well does the image correspond to the text?,2,4
12,Ed Sci Exp 1 Teacher Chinese,129,2025-09-02T02:26:49.916334+00:00,137,weiwei,324,"EFL Adaptation 1 (gpt-image-1, gpt-5, Chinese glosses)",/accounts/public_content/324/,149,PAGE,1,How well does the image correspond to the text?,3,5
12,Ed Sci Exp 1 Teacher Chinese,129,2025-09-02T02:26:49.916334+00:00,137,weiwei,324,"EFL Adaptation 1 (gpt-image-1, gpt-5, Chinese glosses)",/accounts/public_content/324/,149,PAGE,1,How well does the image correspond to the text?,4,4
12,Ed Sci Exp 1 Teacher Chinese,129,2025-09-02T02:26:49.916334+00:00,137,weiwei,324,"EFL Adaptation 1 (gpt-image-1, gpt-5, Chinese glosses)",/accounts/public_content/324/,149,PAGE,1,How well does the image correspond to the text?,5,5
12,Ed Sci Exp 1 Teacher Chinese,129,2025-09-02T02:26:49.916334+00:00,137,weiwei,324,"EFL Adaptation 1 (gpt-image-1, gpt-5, Chinese glosses)",/accounts/public_content/324/,149,PAGE,1,How well does the image correspond to the text?,6,4
12,Ed Sci Exp 1 Teacher Chinese,129,2025-09-02T02:26:49.916334+00:00,137,weiwei,324,"EFL Adaptation 1 (gpt-image-1, gpt-5, Chinese glosses)",/accounts/public_content/324/,149,PAGE,1,How well does the image correspond to the text?,7,5
12,Ed Sci Exp 1 Teacher Chinese,129,2025-09-02T02:26:49.916334+00:00,137,weiwei,324,"EFL Adaptation 1 (gpt-image-1, gpt-5, Chinese glosses)",/accounts/public_content/324/,149,PAGE,1,How well does the image correspond to the text?,8,5
12,Ed Sci Exp 1 Teacher Chinese,129,2025-09-02T02:26:49.916334+00:00,137,weiwei,324,"EFL Adaptation 1 (gpt-image-1, gpt-5, Chinese glosses)",/accounts/public_content/324/,149,PAGE,1,How well does the image correspond to the text?,9,5
12,Ed Sci Exp 1 Teacher Chinese,129,2025-09-02T02:26:49.916334+00:00,137,weiwei,324,"EFL Adaptation 1 (gpt-image-1, gpt-5, Chinese glosses)",/accounts/public_content/324/,149,PAGE,1,How well does the image correspond to the text?,10,5
12,Ed Sci Exp 1 Teacher Chinese,129,2025-09-02T02:26:49.916334+00:00,137,weiwei,324,"EFL Adaptation 1 (gpt-image-1, gpt-5, Chinese glosses)",/accounts/public_content/324/,149,PAGE,1,How well does the image correspond to the text?,11,5
12,Ed Sci Exp 1 Teacher Chinese,129,2025-09-02T02:26:49.916334+00:00,137,weiwei,324,"EFL Adaptation 1 (gpt-image-1, gpt-5, Chinese glosses)",/accounts/public_content/324/,149,PAGE,1,How well does the image correspond to the text?,12,5
12,Ed Sci Exp 1 Teacher Chinese,129,2025-09-02T02:26:49.916334+00:00,137,weiwei,324,"EFL Adaptation 1 (gpt-image-1, gpt-5, Chinese glosses)",/accounts/public_content/324/,149,PAGE,1,How well does the image correspond to the text?,13,5
12,Ed Sci Exp 1 Teacher Chinese,129,2025-09-02T02:26:49.916334+00:00,137,weiwei,324,"EFL Adaptation 1 (gpt-image-1, gpt-5, Chinese glosses)",/accounts/public_content/324/,149,PAGE,1,How well does the image correspond to the text?,14,5
12,Ed Sci Exp 1 Teacher Chinese,129,2025-09-02T02:26:49.916334+00:00,137,weiwei,324,"EFL Adaptation 1 (gpt-image-1, gpt-5, Chinese glosses)",/accounts/public_content/324/,149,PAGE,1,How well does the image correspond to the text?,15,5
12,Ed Sci Exp 1 Teacher Chinese,129,2025-09-02T02:26:49.916334+00:00,137,weiwei,324,"EFL Adaptation 1 (gpt-image-1, gpt-5, Chinese glosses)",/accounts/public_content/324/,150,PAGE,2,How accurate are the glosses?,1,5
12,Ed Sci Exp 1 Teacher Chinese,129,2025-09-02T02:26:49.916334+00:00,137,weiwei,324,"EFL Adaptation 1 (gpt-image-1, gpt-5, Chinese glosses)",/accounts/public_content/324/,150,PAGE,2,How accurate are the glosses?,2,4
12,Ed Sci Exp 1 Teacher Chinese,129,2025-09-02T02:26:49.916334+00:00,137,weiwei,324,"EFL Adaptation 1 (gpt-image-1, gpt-5, Chinese glosses)",/accounts/public_content/324/,150,PAGE,2,How accurate are the glosses?,3,5
12,Ed Sci Exp 1 Teacher Chinese,129,2025-09-02T02:26:49.916334+00:00,137,weiwei,324,"EFL Adaptation 1 (gpt-image-1, gpt-5, Chinese glosses)",/accounts/public_content/324/,150,PAGE,2,How accurate are the glosses?,4,5
12,Ed Sci Exp 1 Teacher Chinese,129,2025-09-02T02:26:49.916334+00:00,137,weiwei,324,"EFL Adaptation 1 (gpt-image-1, gpt-5, Chinese glosses)",/accounts/public_content/324/,150,PAGE,2,How accurate are the glosses?,5,4
12,Ed Sci Exp 1 Teacher Chinese,129,2025-09-02T02:26:49.916334+00:00,137,weiwei,324,"EFL Adaptation 1 (gpt-image-1, gpt-5, Chinese glosses)",/accounts/public_content/324/,150,PAGE,2,How accurate are the glosses?,6,5
12,Ed Sci Exp 1 Teacher Chinese,129,2025-09-02T02:26:49.916334+00:00,137,weiwei,324,"EFL Adaptation 1 (gpt-image-1, gpt-5, Chinese glosses)",/accounts/public_content/324/,150,PAGE,2,How accurate are the glosses?,7,5
12,Ed Sci Exp 1 Teacher Chinese,129,2025-09-02T02:26:49.916334+00:00,137,weiwei,324,"EFL Adaptation 1 (gpt-image-1, gpt-5, Chinese glosses)",/accounts/public_content/324/,150,PAGE,2,How accurate are the glosses?,8,4
12,Ed Sci Exp 1 Teacher Chinese,129,2025-09-02T02:26:49.916334+00:00,137,weiwei,324,"EFL Adaptation 1 (gpt-image-1, gpt-5, Chinese glosses)",/accounts/public_content/324/,150,PAGE,2,How accurate are the glosses?,9,5
12,Ed Sci Exp 1 Teacher Chinese,129,2025-09-02T02:26:49.916334+00:00,137,weiwei,324,"EFL Adaptation 1 (gpt-image-1, gpt-5, Chinese glosses)",/accounts/public_content/324/,150,PAGE,2,How accurate are the glosses?,10,4
12,Ed Sci Exp 1 Teacher Chinese,129,2025-09-02T02:26:49.916334+00:00,137,weiwei,324,"EFL Adaptation 1 (gpt-image-1, gpt-5, Chinese glosses)",/accounts/public_content/324/,150,PAGE,2,How accurate are the glosses?,11,5
12,Ed Sci Exp 1 Teacher Chinese,129,2025-09-02T02:26:49.916334+00:00,137,weiwei,324,"EFL Adaptation 1 (gpt-image-1, gpt-5, Chinese glosses)",/accounts/public_content/324/,150,PAGE,2,How accurate are the glosses?,12,4
12,Ed Sci Exp 1 Teacher Chinese,129,2025-09-02T02:26:49.916334+00:00,137,weiwei,324,"EFL Adaptation 1 (gpt-image-1, gpt-5, Chinese glosses)",/accounts/public_content/324/,150,PAGE,2,How accurate are the glosses?,13,5
12,Ed Sci Exp 1 Teacher Chinese,129,2025-09-02T02:26:49.916334+00:00,137,weiwei,324,"EFL Adaptation 1 (gpt-image-1, gpt-5, Chinese glosses)",/accounts/public_content/324/,150,PAGE,2,How accurate are the glosses?,14,5
12,Ed Sci Exp 1 Teacher Chinese,129,2025-09-02T02:26:49.916334+00:00,137,weiwei,324,"EFL Adaptation 1 (gpt-image-1, gpt-5, Chinese glosses)",/accounts/public_content/324/,150,PAGE,2,How accurate are the glosses?,15,4
12,Ed Sci Exp 1 Teacher Chinese,129,2025-09-02T02:26:49.916334+00:00,137,weiwei,324,"EFL Adaptation 1 (gpt-image-1, gpt-5, Chinese glosses)",/accounts/public_content/324/,151,PAGE,3,How accurate are the translations?,1,5
12,Ed Sci Exp 1 Teacher Chinese,129,2025-09-02T02:26:49.916334+00:00,137,weiwei,324,"EFL Adaptation 1 (gpt-image-1, gpt-5, Chinese glosses)",/accounts/public_content/324/,151,PAGE,3,How accurate are the translations?,2,5
12,Ed Sci Exp 1 Teacher Chinese,129,2025-09-02T02:26:49.916334+00:00,137,weiwei,324,"EFL Adaptation 1 (gpt-image-1, gpt-5, Chinese glosses)",/accounts/public_content/324/,151,PAGE,3,How accurate are the translations?,3,5
12,Ed Sci Exp 1 Teacher Chinese,129,2025-09-02T02:26:49.916334+00:00,137,weiwei,324,"EFL Adaptation 1 (gpt-image-1, gpt-5, Chinese glosses)",/accounts/public_content/324/,151,PAGE,3,How accurate are the translations?,4,4
12,Ed Sci Exp 1 Teacher Chinese,129,2025-09-02T02:26:49.916334+00:00,137,weiwei,324,"EFL Adaptation 1 (gpt-image-1, gpt-5, Chinese glosses)",/accounts/public_content/324/,151,PAGE,3,How accurate are the translations?,5,5
12,Ed Sci Exp 1 Teacher Chinese,129,2025-09-02T02:26:49.916334+00:00,137,weiwei,324,"EFL Adaptation 1 (gpt-image-1, gpt-5, Chinese glosses)",/accounts/public_content/324/,151,PAGE,3,How accurate are the translations?,6,4
12,Ed Sci Exp 1 Teacher Chinese,129,2025-09-02T02:26:49.916334+00:00,137,weiwei,324,"EFL Adaptation 1 (gpt-image-1, gpt-5, Chinese glosses)",/accounts/public_content/324/,151,PAGE,3,How accurate are the translations?,7,5
12,Ed Sci Exp 1 Teacher Chinese,129,2025-09-02T02:26:49.916334+00:00,137,weiwei,324,"EFL Adaptation 1 (gpt-image-1, gpt-5, Chinese glosses)",/accounts/public_content/324/,151,PAGE,3,How accurate are the translations?,8,5
12,Ed Sci Exp 1 Teacher Chinese,129,2025-09-02T02:26:49.916334+00:00,137,weiwei,324,"EFL Adaptation 1 (gpt-image-1, gpt-5, Chinese glosses)",/accounts/public_content/324/,151,PAGE,3,How accurate are the translations?,9,5
12,Ed Sci Exp 1 Teacher Chinese,129,2025-09-02T02:26:49.916334+00:00,137,weiwei,324,"EFL Adaptation 1 (gpt-image-1, gpt-5, Chinese glosses)",/accounts/public_content/324/,151,PAGE,3,How accurate are the translations?,10,4
12,Ed Sci Exp 1 Teacher Chinese,129,2025-09-02T02:26:49.916334+00:00,137,weiwei,324,"EFL Adaptation 1 (gpt-image-1, gpt-5, Chinese glosses)",/accounts/public_content/324/,151,PAGE,3,How accurate are the translations?,11,5
12,Ed Sci Exp 1 Teacher Chinese,129,2025-09-02T02:26:49.916334+00:00,137,weiwei,324,"EFL Adaptation 1 (gpt-image-1, gpt-5, Chinese glosses)",/accounts/public_content/324/,151,PAGE,3,How accurate are the translations?,12,5
12,Ed Sci Exp 1 Teacher Chinese,129,2025-09-02T02:26:49.916334+00:00,137,weiwei,324,"EFL Adaptation 1 (gpt-image-1, gpt-5, Chinese glosses)",/accounts/public_content/324/,151,PAGE,3,How accurate are the translations?,13,5
12,Ed Sci Exp 1 Teacher Chinese,129,2025-09-02T02:26:49.916334+00:00,137,weiwei,324,"EFL Adaptation 1 (gpt-image-1, gpt-5, Chinese glosses)",/accounts/public_content/324/,151,PAGE,3,How accurate are the translations?,14,5
12,Ed Sci Exp 1 Teacher Chinese,129,2025-09-02T02:26:49.916334+00:00,137,weiwei,324,"EFL Adaptation 1 (gpt-image-1, gpt-5, Chinese glosses)",/accounts/public_content/324/,151,PAGE,3,How accurate are the translations?,15,5
12,Ed Sci Exp 1 Teacher Chinese,135,2025-09-02T03:01:43.042482+00:00,138,chunying,324,"EFL Adaptation 1 (gpt-image-1, gpt-5, Chinese glosses)",/accounts/public_content/324/,129,BOOK,1,How consistent is the style of the images overall?,,5
12,Ed Sci Exp 1 Teacher Chinese,135,2025-09-02T03:01:43.042482+00:00,138,chunying,324,"EFL Adaptation 1 (gpt-image-1, gpt-5, Chinese glosses)",/accounts/public_content/324/,130,BOOK,2,How consistent is the appearance of the elements overall?,,5
12,Ed Sci Exp 1 Teacher Chinese,135,2025-09-02T03:01:43.042482+00:00,138,chunying,324,"EFL Adaptation 1 (gpt-image-1, gpt-5, Chinese glosses)",/accounts/public_content/324/,131,BOOK,3,How culturally appropriate are the images to the relevant culture?,,5
12,Ed Sci Exp 1 Teacher Chinese,135,2025-09-02T03:01:43.042482+00:00,138,chunying,324,"EFL Adaptation 1 (gpt-image-1, gpt-5, Chinese glosses)",/accounts/public_content/324/,132,BOOK,4,How visually appealing do you find the images overall?,,4
12,Ed Sci Exp 1 Teacher Chinese,135,2025-09-02T03:01:43.042482+00:00,138,chunying,324,"EFL Adaptation 1 (gpt-image-1, gpt-5, Chinese glosses)",/accounts/public_content/324/,149,PAGE,1,How well does the image correspond to the text?,1,5
12,Ed Sci Exp 1 Teacher Chinese,135,2025-09-02T03:01:43.042482+00:00,138,chunying,324,"EFL Adaptation 1 (gpt-image-1, gpt-5, Chinese glosses)",/accounts/public_content/324/,149,PAGE,1,How well does the image correspond to the text?,2,4
12,Ed Sci Exp 1 Teacher Chinese,135,2025-09-02T03:01:43.042482+00:00,138,chunying,324,"EFL Adaptation 1 (gpt-image-1, gpt-5, Chinese glosses)",/accounts/public_content/324/,149,PAGE,1,How well does the image correspond to the text?,3,5
12,Ed Sci Exp 1 Teacher Chinese,135,2025-09-02T03:01:43.042482+00:00,138,chunying,324,"EFL Adaptation 1 (gpt-image-1, gpt-5, Chinese glosses)",/accounts/public_content/324/,149,PAGE,1,How well does the image correspond to the text?,4,5
12,Ed Sci Exp 1 Teacher Chinese,135,2025-09-02T03:01:43.042482+00:00,138,chunying,324,"EFL Adaptation 1 (gpt-image-1, gpt-5, Chinese glosses)",/accounts/public_content/324/,149,PAGE,1,How well does the image correspond to the text?,5,4
12,Ed Sci Exp 1 Teacher Chinese,135,2025-09-02T03:01:43.042482+00:00,138,chunying,324,"EFL Adaptation 1 (gpt-image-1, gpt-5, Chinese glosses)",/accounts/public_content/324/,149,PAGE,1,How well does the image correspond to the text?,6,4
12,Ed Sci Exp 1 Teacher Chinese,135,2025-09-02T03:01:43.042482+00:00,138,chunying,324,"EFL Adaptation 1 (gpt-image-1, gpt-5, Chinese glosses)",/accounts/public_content/324/,149,PAGE,1,How well does the image correspond to the text?,7,5
12,Ed Sci Exp 1 Teacher Chinese,135,2025-09-02T03:01:43.042482+00:00,138,chunying,324,"EFL Adaptation 1 (gpt-image-1, gpt-5, Chinese glosses)",/accounts/public_content/324/,149,PAGE,1,How well does the image correspond to the text?,8,5
12,Ed Sci Exp 1 Teacher Chinese,135,2025-09-02T03:01:43.042482+00:00,138,chunying,324,"EFL Adaptation 1 (gpt-image-1, gpt-5, Chinese glosses)",/accounts/public_content/324/,149,PAGE,1,How well does the image correspond to the text?,9,5
12,Ed Sci Exp 1 Teacher Chinese,135,2025-09-02T03:01:43.042482+00:00,138,chunying,324,"EFL Adaptation 1 (gpt-image-1, gpt-5, Chinese glosses)",/accounts/public_content/324/,149,PAGE,1,How well does the image correspond to the text?,10,5
12,Ed Sci Exp 1 Teacher Chinese,135,2025-09-02T03:01:43.042482+00:00,138,chunying,324,"EFL Adaptation 1 (gpt-image-1, gpt-5, Chinese glosses)",/accounts/public_content/324/,149,PAGE,1,How well does the image correspond to the text?,11,5
12,Ed Sci Exp 1 Teacher Chinese,135,2025-09-02T03:01:43.042482+00:00,138,chunying,324,"EFL Adaptation 1 (gpt-image-1, gpt-5, Chinese glosses)",/accounts/public_content/324/,149,PAGE,1,How well does the image correspond to the text?,12,5
12,Ed Sci Exp 1 Teacher Chinese,135,2025-09-02T03:01:43.042482+00:00,138,chunying,324,"EFL Adaptation 1 (gpt-image-1, gpt-5, Chinese glosses)",/accounts/public_content/324/,149,PAGE,1,How well does the image correspond to the text?,13,5
12,Ed Sci Exp 1 Teacher Chinese,135,2025-09-02T03:01:43.042482+00:00,138,chunying,324,"EFL Adaptation 1 (gpt-image-1, gpt-5, Chinese glosses)",/accounts/public_content/324/,149,PAGE,1,How well does the image correspond to the text?,14,4
12,Ed Sci Exp 1 Teacher Chinese,135,2025-09-02T03:01:43.042482+00:00,138,chunying,324,"EFL Adaptation 1 (gpt-image-1, gpt-5, Chinese glosses)",/accounts/public_content/324/,149,PAGE,1,How well does the image correspond to the text?,15,4
12,Ed Sci Exp 1 Teacher Chinese,135,2025-09-02T03:01:43.042482+00:00,138,chunying,324,"EFL Adaptation 1 (gpt-image-1, gpt-5, Chinese glosses)",/accounts/public_content/324/,150,PAGE,2,How accurate are the glosses?,1,5
12,Ed Sci Exp 1 Teacher Chinese,135,2025-09-02T03:01:43.042482+00:00,138,chunying,324,"EFL Adaptation 1 (gpt-image-1, gpt-5, Chinese glosses)",/accounts/public_content/324/,150,PAGE,2,How accurate are the glosses?,2,4
12,Ed Sci Exp 1 Teacher Chinese,135,2025-09-02T03:01:43.042482+00:00,138,chunying,324,"EFL Adaptation 1 (gpt-image-1, gpt-5, Chinese glosses)",/accounts/public_content/324/,150,PAGE,2,How accurate are the glosses?,3,4
12,Ed Sci Exp 1 Teacher Chinese,135,2025-09-02T03:01:43.042482+00:00,138,chunying,324,"EFL Adaptation 1 (gpt-image-1, gpt-5, Chinese glosses)",/accounts/public_content/324/,150,PAGE,2,How accurate are the glosses?,4,5
12,Ed Sci Exp 1 Teacher Chinese,135,2025-09-02T03:01:43.042482+00:00,138,chunying,324,"EFL Adaptation 1 (gpt-image-1, gpt-5, Chinese glosses)",/accounts/public_content/324/,150,PAGE,2,How accurate are the glosses?,5,5
12,Ed Sci Exp 1 Teacher Chinese,135,2025-09-02T03:01:43.042482+00:00,138,chunying,324,"EFL Adaptation 1 (gpt-image-1, gpt-5, Chinese glosses)",/accounts/public_content/324/,150,PAGE,2,How accurate are the glosses?,6,5
12,Ed Sci Exp 1 Teacher Chinese,135,2025-09-02T03:01:43.042482+00:00,138,chunying,324,"EFL Adaptation 1 (gpt-image-1, gpt-5, Chinese glosses)",/accounts/public_content/324/,150,PAGE,2,How accurate are the glosses?,7,5
12,Ed Sci Exp 1 Teacher Chinese,135,2025-09-02T03:01:43.042482+00:00,138,chunying,324,"EFL Adaptation 1 (gpt-image-1, gpt-5, Chinese glosses)",/accounts/public_content/324/,150,PAGE,2,How accurate are the glosses?,8,4
12,Ed Sci Exp 1 Teacher Chinese,135,2025-09-02T03:01:43.042482+00:00,138,chunying,324,"EFL Adaptation 1 (gpt-image-1, gpt-5, Chinese glosses)",/accounts/public_content/324/,150,PAGE,2,How accurate are the glosses?,9,4
12,Ed Sci Exp 1 Teacher Chinese,135,2025-09-02T03:01:43.042482+00:00,138,chunying,324,"EFL Adaptation 1 (gpt-image-1, gpt-5, Chinese glosses)",/accounts/public_content/324/,150,PAGE,2,How accurate are the glosses?,10,5
12,Ed Sci Exp 1 Teacher Chinese,135,2025-09-02T03:01:43.042482+00:00,138,chunying,324,"EFL Adaptation 1 (gpt-image-1, gpt-5, Chinese glosses)",/accounts/public_content/324/,150,PAGE,2,How accurate are the glosses?,11,5
12,Ed Sci Exp 1 Teacher Chinese,135,2025-09-02T03:01:43.042482+00:00,138,chunying,324,"EFL Adaptation 1 (gpt-image-1, gpt-5, Chinese glosses)",/accounts/public_content/324/,150,PAGE,2,How accurate are the glosses?,12,4
12,Ed Sci Exp 1 Teacher Chinese,135,2025-09-02T03:01:43.042482+00:00,138,chunying,324,"EFL Adaptation 1 (gpt-image-1, gpt-5, Chinese glosses)",/accounts/public_content/324/,150,PAGE,2,How accurate are the glosses?,13,5
12,Ed Sci Exp 1 Teacher Chinese,135,2025-09-02T03:01:43.042482+00:00,138,chunying,324,"EFL Adaptation 1 (gpt-image-1, gpt-5, Chinese glosses)",/accounts/public_content/324/,150,PAGE,2,How accurate are the glosses?,14,5
12,Ed Sci Exp 1 Teacher Chinese,135,2025-09-02T03:01:43.042482+00:00,138,chunying,324,"EFL Adaptation 1 (gpt-image-1, gpt-5, Chinese glosses)",/accounts/public_content/324/,150,PAGE,2,How accurate are the glosses?,15,5
12,Ed Sci Exp 1 Teacher Chinese,135,2025-09-02T03:01:43.042482+00:00,138,chunying,324,"EFL Adaptation 1 (gpt-image-1, gpt-5, Chinese glosses)",/accounts/public_content/324/,151,PAGE,3,How accurate are the translations?,1,5
12,Ed Sci Exp 1 Teacher Chinese,135,2025-09-02T03:01:43.042482+00:00,138,chunying,324,"EFL Adaptation 1 (gpt-image-1, gpt-5, Chinese glosses)",/accounts/public_content/324/,151,PAGE,3,How accurate are the translations?,2,5
12,Ed Sci Exp 1 Teacher Chinese,135,2025-09-02T03:01:43.042482+00:00,138,chunying,324,"EFL Adaptation 1 (gpt-image-1, gpt-5, Chinese glosses)",/accounts/public_content/324/,151,PAGE,3,How accurate are the translations?,3,5
12,Ed Sci Exp 1 Teacher Chinese,135,2025-09-02T03:01:43.042482+00:00,138,chunying,324,"EFL Adaptation 1 (gpt-image-1, gpt-5, Chinese glosses)",/accounts/public_content/324/,151,PAGE,3,How accurate are the translations?,4,5
12,Ed Sci Exp 1 Teacher Chinese,135,2025-09-02T03:01:43.042482+00:00,138,chunying,324,"EFL Adaptation 1 (gpt-image-1, gpt-5, Chinese glosses)",/accounts/public_content/324/,151,PAGE,3,How accurate are the translations?,5,5
12,Ed Sci Exp 1 Teacher Chinese,135,2025-09-02T03:01:43.042482+00:00,138,chunying,324,"EFL Adaptation 1 (gpt-image-1, gpt-5, Chinese glosses)",/accounts/public_content/324/,151,PAGE,3,How accurate are the translations?,6,4
12,Ed Sci Exp 1 Teacher Chinese,135,2025-09-02T03:01:43.042482+00:00,138,chunying,324,"EFL Adaptation 1 (gpt-image-1, gpt-5, Chinese glosses)",/accounts/public_content/324/,151,PAGE,3,How accurate are the translations?,7,5
12,Ed Sci Exp 1 Teacher Chinese,135,2025-09-02T03:01:43.042482+00:00,138,chunying,324,"EFL Adaptation 1 (gpt-image-1, gpt-5, Chinese glosses)",/accounts/public_content/324/,151,PAGE,3,How accurate are the translations?,8,5
12,Ed Sci Exp 1 Teacher Chinese,135,2025-09-02T03:01:43.042482+00:00,138,chunying,324,"EFL Adaptation 1 (gpt-image-1, gpt-5, Chinese glosses)",/accounts/public_content/324/,151,PAGE,3,How accurate are the translations?,9,4
12,Ed Sci Exp 1 Teacher Chinese,135,2025-09-02T03:01:43.042482+00:00,138,chunying,324,"EFL Adaptation 1 (gpt-image-1, gpt-5, Chinese glosses)",/accounts/public_content/324/,151,PAGE,3,How accurate are the translations?,10,5
12,Ed Sci Exp 1 Teacher Chinese,135,2025-09-02T03:01:43.042482+00:00,138,chunying,324,"EFL Adaptation 1 (gpt-image-1, gpt-5, Chinese glosses)",/accounts/public_content/324/,151,PAGE,3,How accurate are the translations?,11,4
12,Ed Sci Exp 1 Teacher Chinese,135,2025-09-02T03:01:43.042482+00:00,138,chunying,324,"EFL Adaptation 1 (gpt-image-1, gpt-5, Chinese glosses)",/accounts/public_content/324/,151,PAGE,3,How accurate are the translations?,12,5
12,Ed Sci Exp 1 Teacher Chinese,135,2025-09-02T03:01:43.042482+00:00,138,chunying,324,"EFL Adaptation 1 (gpt-image-1, gpt-5, Chinese glosses)",/accounts/public_content/324/,151,PAGE,3,How accurate are the translations?,13,5
12,Ed Sci Exp 1 Teacher Chinese,135,2025-09-02T03:01:43.042482+00:00,138,chunying,324,"EFL Adaptation 1 (gpt-image-1, gpt-5, Chinese glosses)",/accounts/public_content/324/,151,PAGE,3,How accurate are the translations?,14,5
12,Ed Sci Exp 1 Teacher Chinese,135,2025-09-02T03:01:43.042482+00:00,138,chunying,324,"EFL Adaptation 1 (gpt-image-1, gpt-5, Chinese glosses)",/accounts/public_content/324/,151,PAGE,3,How accurate are the translations?,15,5
12,Ed Sci Exp 1 Teacher Chinese,141,2025-09-02T03:53:07.177287+00:00,139,shuai,324,"EFL Adaptation 1 (gpt-image-1, gpt-5, Chinese glosses)",/accounts/public_content/324/,129,BOOK,1,How consistent is the style of the images overall?,,4
12,Ed Sci Exp 1 Teacher Chinese,141,2025-09-02T03:53:07.177287+00:00,139,shuai,324,"EFL Adaptation 1 (gpt-image-1, gpt-5, Chinese glosses)",/accounts/public_content/324/,130,BOOK,2,How consistent is the appearance of the elements overall?,,4
12,Ed Sci Exp 1 Teacher Chinese,141,2025-09-02T03:53:07.177287+00:00,139,shuai,324,"EFL Adaptation 1 (gpt-image-1, gpt-5, Chinese glosses)",/accounts/public_content/324/,131,BOOK,3,How culturally appropriate are the images to the relevant culture?,,5
12,Ed Sci Exp 1 Teacher Chinese,141,2025-09-02T03:53:07.177287+00:00,139,shuai,324,"EFL Adaptation 1 (gpt-image-1, gpt-5, Chinese glosses)",/accounts/public_content/324/,132,BOOK,4,How visually appealing do you find the images overall?,,4
12,Ed Sci Exp 1 Teacher Chinese,141,2025-09-02T03:53:07.177287+00:00,139,shuai,324,"EFL Adaptation 1 (gpt-image-1, gpt-5, Chinese glosses)",/accounts/public_content/324/,149,PAGE,1,How well does the image correspond to the text?,1,5
12,Ed Sci Exp 1 Teacher Chinese,141,2025-09-02T03:53:07.177287+00:00,139,shuai,324,"EFL Adaptation 1 (gpt-image-1, gpt-5, Chinese glosses)",/accounts/public_content/324/,149,PAGE,1,How well does the image correspond to the text?,2,4
12,Ed Sci Exp 1 Teacher Chinese,141,2025-09-02T03:53:07.177287+00:00,139,shuai,324,"EFL Adaptation 1 (gpt-image-1, gpt-5, Chinese glosses)",/accounts/public_content/324/,149,PAGE,1,How well does the image correspond to the text?,3,5
12,Ed Sci Exp 1 Teacher Chinese,141,2025-09-02T03:53:07.177287+00:00,139,shuai,324,"EFL Adaptation 1 (gpt-image-1, gpt-5, Chinese glosses)",/accounts/public_content/324/,149,PAGE,1,How well does the image correspond to the text?,4,4
12,Ed Sci Exp 1 Teacher Chinese,141,2025-09-02T03:53:07.177287+00:00,139,shuai,324,"EFL Adaptation 1 (gpt-image-1, gpt-5, Chinese glosses)",/accounts/public_content/324/,149,PAGE,1,How well does the image correspond to the text?,5,4
12,Ed Sci Exp 1 Teacher Chinese,141,2025-09-02T03:53:07.177287+00:00,139,shuai,324,"EFL Adaptation 1 (gpt-image-1, gpt-5, Chinese glosses)",/accounts/public_content/324/,149,PAGE,1,How well does the image correspond to the text?,6,5
12,Ed Sci Exp 1 Teacher Chinese,141,2025-09-02T03:53:07.177287+00:00,139,shuai,324,"EFL Adaptation 1 (gpt-image-1, gpt-5, Chinese glosses)",/accounts/public_content/324/,149,PAGE,1,How well does the image correspond to the text?,7,5
12,Ed Sci Exp 1 Teacher Chinese,141,2025-09-02T03:53:07.177287+00:00,139,shuai,324,"EFL Adaptation 1 (gpt-image-1, gpt-5, Chinese glosses)",/accounts/public_content/324/,149,PAGE,1,How well does the image correspond to the text?,8,5
12,Ed Sci Exp 1 Teacher Chinese,141,2025-09-02T03:53:07.177287+00:00,139,shuai,324,"EFL Adaptation 1 (gpt-image-1, gpt-5, Chinese glosses)",/accounts/public_content/324/,149,PAGE,1,How well does the image correspond to the text?,9,5
12,Ed Sci Exp 1 Teacher Chinese,141,2025-09-02T03:53:07.177287+00:00,139,shuai,324,"EFL Adaptation 1 (gpt-image-1, gpt-5, Chinese glosses)",/accounts/public_content/324/,149,PAGE,1,How well does the image correspond to the text?,10,5
12,Ed Sci Exp 1 Teacher Chinese,141,2025-09-02T03:53:07.177287+00:00,139,shuai,324,"EFL Adaptation 1 (gpt-image-1, gpt-5, Chinese glosses)",/accounts/public_content/324/,149,PAGE,1,How well does the image correspond to the text?,11,5
12,Ed Sci Exp 1 Teacher Chinese,141,2025-09-02T03:53:07.177287+00:00,139,shuai,324,"EFL Adaptation 1 (gpt-image-1, gpt-5, Chinese glosses)",/accounts/public_content/324/,149,PAGE,1,How well does the image correspond to the text?,12,5
12,Ed Sci Exp 1 Teacher Chinese,141,2025-09-02T03:53:07.177287+00:00,139,shuai,324,"EFL Adaptation 1 (gpt-image-1, gpt-5, Chinese glosses)",/accounts/public_content/324/,149,PAGE,1,How well does the image correspond to the text?,13,5
12,Ed Sci Exp 1 Teacher Chinese,141,2025-09-02T03:53:07.177287+00:00,139,shuai,324,"EFL Adaptation 1 (gpt-image-1, gpt-5, Chinese glosses)",/accounts/public_content/324/,149,PAGE,1,How well does the image correspond to the text?,14,5
12,Ed Sci Exp 1 Teacher Chinese,141,2025-09-02T03:53:07.177287+00:00,139,shuai,324,"EFL Adaptation 1 (gpt-image-1, gpt-5, Chinese glosses)",/accounts/public_content/324/,149,PAGE,1,How well does the image correspond to the text?,15,5
12,Ed Sci Exp 1 Teacher Chinese,141,2025-09-02T03:53:07.177287+00:00,139,shuai,324,"EFL Adaptation 1 (gpt-image-1, gpt-5, Chinese glosses)",/accounts/public_content/324/,150,PAGE,2,How accurate are the glosses?,1,5
12,Ed Sci Exp 1 Teacher Chinese,141,2025-09-02T03:53:07.177287+00:00,139,shuai,324,"EFL Adaptation 1 (gpt-image-1, gpt-5, Chinese glosses)",/accounts/public_content/324/,150,PAGE,2,How accurate are the glosses?,2,5
12,Ed Sci Exp 1 Teacher Chinese,141,2025-09-02T03:53:07.177287+00:00,139,shuai,324,"EFL Adaptation 1 (gpt-image-1, gpt-5, Chinese glosses)",/accounts/public_content/324/,150,PAGE,2,How accurate are the glosses?,3,5
12,Ed Sci Exp 1 Teacher Chinese,141,2025-09-02T03:53:07.177287+00:00,139,shuai,324,"EFL Adaptation 1 (gpt-image-1, gpt-5, Chinese glosses)",/accounts/public_content/324/,150,PAGE,2,How accurate are the glosses?,4,4
12,Ed Sci Exp 1 Teacher Chinese,141,2025-09-02T03:53:07.177287+00:00,139,shuai,324,"EFL Adaptation 1 (gpt-image-1, gpt-5, Chinese glosses)",/accounts/public_content/324/,150,PAGE,2,How accurate are the glosses?,5,5
12,Ed Sci Exp 1 Teacher Chinese,141,2025-09-02T03:53:07.177287+00:00,139,shuai,324,"EFL Adaptation 1 (gpt-image-1, gpt-5, Chinese glosses)",/accounts/public_content/324/,150,PAGE,2,How accurate are the glosses?,6,4
12,Ed Sci Exp 1 Teacher Chinese,141,2025-09-02T03:53:07.177287+00:00,139,shuai,324,"EFL Adaptation 1 (gpt-image-1, gpt-5, Chinese glosses)",/accounts/public_content/324/,150,PAGE,2,How accurate are the glosses?,7,5
12,Ed Sci Exp 1 Teacher Chinese,141,2025-09-02T03:53:07.177287+00:00,139,shuai,324,"EFL Adaptation 1 (gpt-image-1, gpt-5, Chinese glosses)",/accounts/public_content/324/,150,PAGE,2,How accurate are the glosses?,8,4
12,Ed Sci Exp 1 Teacher Chinese,141,2025-09-02T03:53:07.177287+00:00,139,shuai,324,"EFL Adaptation 1 (gpt-image-1, gpt-5, Chinese glosses)",/accounts/public_content/324/,150,PAGE,2,How accurate are the glosses?,9,4
12,Ed Sci Exp 1 Teacher Chinese,141,2025-09-02T03:53:07.177287+00:00,139,shuai,324,"EFL Adaptation 1 (gpt-image-1, gpt-5, Chinese glosses)",/accounts/public_content/324/,150,PAGE,2,How accurate are the glosses?,10,5
12,Ed Sci Exp 1 Teacher Chinese,141,2025-09-02T03:53:07.177287+00:00,139,shuai,324,"EFL Adaptation 1 (gpt-image-1, gpt-5, Chinese glosses)",/accounts/public_content/324/,150,PAGE,2,How accurate are the glosses?,11,4
12,Ed Sci Exp 1 Teacher Chinese,141,2025-09-02T03:53:07.177287+00:00,139,shuai,324,"EFL Adaptation 1 (gpt-image-1, gpt-5, Chinese glosses)",/accounts/public_content/324/,150,PAGE,2,How accurate are the glosses?,12,4
12,Ed Sci Exp 1 Teacher Chinese,141,2025-09-02T03:53:07.177287+00:00,139,shuai,324,"EFL Adaptation 1 (gpt-image-1, gpt-5, Chinese glosses)",/accounts/public_content/324/,150,PAGE,2,How accurate are the glosses?,13,5
12,Ed Sci Exp 1 Teacher Chinese,141,2025-09-02T03:53:07.177287+00:00,139,shuai,324,"EFL Adaptation 1 (gpt-image-1, gpt-5, Chinese glosses)",/accounts/public_content/324/,150,PAGE,2,How accurate are the glosses?,14,4
12,Ed Sci Exp 1 Teacher Chinese,141,2025-09-02T03:53:07.177287+00:00,139,shuai,324,"EFL Adaptation 1 (gpt-image-1, gpt-5, Chinese glosses)",/accounts/public_content/324/,150,PAGE,2,How accurate are the glosses?,15,5
12,Ed Sci Exp 1 Teacher Chinese,141,2025-09-02T03:53:07.177287+00:00,139,shuai,324,"EFL Adaptation 1 (gpt-image-1, gpt-5, Chinese glosses)",/accounts/public_content/324/,151,PAGE,3,How accurate are the translations?,1,5
12,Ed Sci Exp 1 Teacher Chinese,141,2025-09-02T03:53:07.177287+00:00,139,shuai,324,"EFL Adaptation 1 (gpt-image-1, gpt-5, Chinese glosses)",/accounts/public_content/324/,151,PAGE,3,How accurate are the translations?,2,4
12,Ed Sci Exp 1 Teacher Chinese,141,2025-09-02T03:53:07.177287+00:00,139,shuai,324,"EFL Adaptation 1 (gpt-image-1, gpt-5, Chinese glosses)",/accounts/public_content/324/,151,PAGE,3,How accurate are the translations?,3,4
12,Ed Sci Exp 1 Teacher Chinese,141,2025-09-02T03:53:07.177287+00:00,139,shuai,324,"EFL Adaptation 1 (gpt-image-1, gpt-5, Chinese glosses)",/accounts/public_content/324/,151,PAGE,3,How accurate are the translations?,4,5
12,Ed Sci Exp 1 Teacher Chinese,141,2025-09-02T03:53:07.177287+00:00,139,shuai,324,"EFL Adaptation 1 (gpt-image-1, gpt-5, Chinese glosses)",/accounts/public_content/324/,151,PAGE,3,How accurate are the translations?,5,5
12,Ed Sci Exp 1 Teacher Chinese,141,2025-09-02T03:53:07.177287+00:00,139,shuai,324,"EFL Adaptation 1 (gpt-image-1, gpt-5, Chinese glosses)",/accounts/public_content/324/,151,PAGE,3,How accurate are the translations?,6,5
12,Ed Sci Exp 1 Teacher Chinese,141,2025-09-02T03:53:07.177287+00:00,139,shuai,324,"EFL Adaptation 1 (gpt-image-1, gpt-5, Chinese glosses)",/accounts/public_content/324/,151,PAGE,3,How accurate are the translations?,7,4
12,Ed Sci Exp 1 Teacher Chinese,141,2025-09-02T03:53:07.177287+00:00,139,shuai,324,"EFL Adaptation 1 (gpt-image-1, gpt-5, Chinese glosses)",/accounts/public_content/324/,151,PAGE,3,How accurate are the translations?,8,5
12,Ed Sci Exp 1 Teacher Chinese,141,2025-09-02T03:53:07.177287+00:00,139,shuai,324,"EFL Adaptation 1 (gpt-image-1, gpt-5, Chinese glosses)",/accounts/public_content/324/,151,PAGE,3,How accurate are the translations?,9,5
12,Ed Sci Exp 1 Teacher Chinese,141,2025-09-02T03:53:07.177287+00:00,139,shuai,324,"EFL Adaptation 1 (gpt-image-1, gpt-5, Chinese glosses)",/accounts/public_content/324/,151,PAGE,3,How accurate are the translations?,10,5
12,Ed Sci Exp 1 Teacher Chinese,141,2025-09-02T03:53:07.177287+00:00,139,shuai,324,"EFL Adaptation 1 (gpt-image-1, gpt-5, Chinese glosses)",/accounts/public_content/324/,151,PAGE,3,How accurate are the translations?,11,5
12,Ed Sci Exp 1 Teacher Chinese,141,2025-09-02T03:53:07.177287+00:00,139,shuai,324,"EFL Adaptation 1 (gpt-image-1, gpt-5, Chinese glosses)",/accounts/public_content/324/,151,PAGE,3,How accurate are the translations?,12,5
12,Ed Sci Exp 1 Teacher Chinese,141,2025-09-02T03:53:07.177287+00:00,139,shuai,324,"EFL Adaptation 1 (gpt-image-1, gpt-5, Chinese glosses)",/accounts/public_content/324/,151,PAGE,3,How accurate are the translations?,13,5
12,Ed Sci Exp 1 Teacher Chinese,141,2025-09-02T03:53:07.177287+00:00,139,shuai,324,"EFL Adaptation 1 (gpt-image-1, gpt-5, Chinese glosses)",/accounts/public_content/324/,151,PAGE,3,How accurate are the translations?,14,5
12,Ed Sci Exp 1 Teacher Chinese,141,2025-09-02T03:53:07.177287+00:00,139,shuai,324,"EFL Adaptation 1 (gpt-image-1, gpt-5, Chinese glosses)",/accounts/public_content/324/,151,PAGE,3,How accurate are the translations?,15,4
12,Ed Sci Exp 1 Teacher Chinese,117,2025-08-30T11:54:45.673179+00:00,126,yaochunlin,325,"EFL Adaptation 2 (gpt-image-1, gpt-5, Chinese glosses)",/accounts/public_content/325/,129,BOOK,1,How consistent is the style of the images overall?,,5
12,Ed Sci Exp 1 Teacher Chinese,117,2025-08-30T11:54:45.673179+00:00,126,yaochunlin,325,"EFL Adaptation 2 (gpt-image-1, gpt-5, Chinese glosses)",/accounts/public_content/325/,130,BOOK,2,How consistent is the appearance of the elements overall?,,5
12,Ed Sci Exp 1 Teacher Chinese,117,2025-08-30T11:54:45.673179+00:00,126,yaochunlin,325,"EFL Adaptation 2 (gpt-image-1, gpt-5, Chinese glosses)",/accounts/public_content/325/,131,BOOK,3,How culturally appropriate are the images to the relevant culture?,,4
12,Ed Sci Exp 1 Teacher Chinese,117,2025-08-30T11:54:45.673179+00:00,126,yaochunlin,325,"EFL Adaptation 2 (gpt-image-1, gpt-5, Chinese glosses)",/accounts/public_content/325/,132,BOOK,4,How visually appealing do you find the images overall?,,4
12,Ed Sci Exp 1 Teacher Chinese,117,2025-08-30T11:54:45.673179+00:00,126,yaochunlin,325,"EFL Adaptation 2 (gpt-image-1, gpt-5, Chinese glosses)",/accounts/public_content/325/,149,PAGE,1,How well does the image correspond to the text?,1,5
12,Ed Sci Exp 1 Teacher Chinese,117,2025-08-30T11:54:45.673179+00:00,126,yaochunlin,325,"EFL Adaptation 2 (gpt-image-1, gpt-5, Chinese glosses)",/accounts/public_content/325/,149,PAGE,1,How well does the image correspond to the text?,2,5
12,Ed Sci Exp 1 Teacher Chinese,117,2025-08-30T11:54:45.673179+00:00,126,yaochunlin,325,"EFL Adaptation 2 (gpt-image-1, gpt-5, Chinese glosses)",/accounts/public_content/325/,149,PAGE,1,How well does the image correspond to the text?,3,5
12,Ed Sci Exp 1 Teacher Chinese,117,2025-08-30T11:54:45.673179+00:00,126,yaochunlin,325,"EFL Adaptation 2 (gpt-image-1, gpt-5, Chinese glosses)",/accounts/public_content/325/,149,PAGE,1,How well does the image correspond to the text?,4,5
12,Ed Sci Exp 1 Teacher Chinese,117,2025-08-30T11:54:45.673179+00:00,126,yaochunlin,325,"EFL Adaptation 2 (gpt-image-1, gpt-5, Chinese glosses)",/accounts/public_content/325/,149,PAGE,1,How well does the image correspond to the text?,5,5
12,Ed Sci Exp 1 Teacher Chinese,117,2025-08-30T11:54:45.673179+00:00,126,yaochunlin,325,"EFL Adaptation 2 (gpt-image-1, gpt-5, Chinese glosses)",/accounts/public_content/325/,149,PAGE,1,How well does the image correspond to the text?,6,5
12,Ed Sci Exp 1 Teacher Chinese,117,2025-08-30T11:54:45.673179+00:00,126,yaochunlin,325,"EFL Adaptation 2 (gpt-image-1, gpt-5, Chinese glosses)",/accounts/public_content/325/,149,PAGE,1,How well does the image correspond to the text?,7,5
12,Ed Sci Exp 1 Teacher Chinese,117,2025-08-30T11:54:45.673179+00:00,126,yaochunlin,325,"EFL Adaptation 2 (gpt-image-1, gpt-5, Chinese glosses)",/accounts/public_content/325/,149,PAGE,1,How well does the image correspond to the text?,8,5
12,Ed Sci Exp 1 Teacher Chinese,117,2025-08-30T11:54:45.673179+00:00,126,yaochunlin,325,"EFL Adaptation 2 (gpt-image-1, gpt-5, Chinese glosses)",/accounts/public_content/325/,149,PAGE,1,How well does the image correspond to the text?,9,5
12,Ed Sci Exp 1 Teacher Chinese,117,2025-08-30T11:54:45.673179+00:00,126,yaochunlin,325,"EFL Adaptation 2 (gpt-image-1, gpt-5, Chinese glosses)",/accounts/public_content/325/,149,PAGE,1,How well does the image correspond to the text?,10,5
12,Ed Sci Exp 1 Teacher Chinese,117,2025-08-30T11:54:45.673179+00:00,126,yaochunlin,325,"EFL Adaptation 2 (gpt-image-1, gpt-5, Chinese glosses)",/accounts/public_content/325/,149,PAGE,1,How well does the image correspond to the text?,11,5
12,Ed Sci Exp 1 Teacher Chinese,117,2025-08-30T11:54:45.673179+00:00,126,yaochunlin,325,"EFL Adaptation 2 (gpt-image-1, gpt-5, Chinese glosses)",/accounts/public_content/325/,149,PAGE,1,How well does the image correspond to the text?,12,5
12,Ed Sci Exp 1 Teacher Chinese,117,2025-08-30T11:54:45.673179+00:00,126,yaochunlin,325,"EFL Adaptation 2 (gpt-image-1, gpt-5, Chinese glosses)",/accounts/public_content/325/,149,PAGE,1,How well does the image correspond to the text?,13,5
12,Ed Sci Exp 1 Teacher Chinese,117,2025-08-30T11:54:45.673179+00:00,126,yaochunlin,325,"EFL Adaptation 2 (gpt-image-1, gpt-5, Chinese glosses)",/accounts/public_content/325/,149,PAGE,1,How well does the image correspond to the text?,14,5
12,Ed Sci Exp 1 Teacher Chinese,117,2025-08-30T11:54:45.673179+00:00,126,yaochunlin,325,"EFL Adaptation 2 (gpt-image-1, gpt-5, Chinese glosses)",/accounts/public_content/325/,150,PAGE,2,How accurate are the glosses?,1,5
12,Ed Sci Exp 1 Teacher Chinese,117,2025-08-30T11:54:45.673179+00:00,126,yaochunlin,325,"EFL Adaptation 2 (gpt-image-1, gpt-5, Chinese glosses)",/accounts/public_content/325/,150,PAGE,2,How accurate are the glosses?,2,4
12,Ed Sci Exp 1 Teacher Chinese,117,2025-08-30T11:54:45.673179+00:00,126,yaochunlin,325,"EFL Adaptation 2 (gpt-image-1, gpt-5, Chinese glosses)",/accounts/public_content/325/,150,PAGE,2,How accurate are the glosses?,3,4
12,Ed Sci Exp 1 Teacher Chinese,117,2025-08-30T11:54:45.673179+00:00,126,yaochunlin,325,"EFL Adaptation 2 (gpt-image-1, gpt-5, Chinese glosses)",/accounts/public_content/325/,150,PAGE,2,How accurate are the glosses?,4,4
12,Ed Sci Exp 1 Teacher Chinese,117,2025-08-30T11:54:45.673179+00:00,126,yaochunlin,325,"EFL Adaptation 2 (gpt-image-1, gpt-5, Chinese glosses)",/accounts/public_content/325/,150,PAGE,2,How accurate are the glosses?,6,5
12,Ed Sci Exp 1 Teacher Chinese,117,2025-08-30T11:54:45.673179+00:00,126,yaochunlin,325,"EFL Adaptation 2 (gpt-image-1, gpt-5, Chinese glosses)",/accounts/public_content/325/,150,PAGE,2,How accurate are the glosses?,7,5
12,Ed Sci Exp 1 Teacher Chinese,117,2025-08-30T11:54:45.673179+00:00,126,yaochunlin,325,"EFL Adaptation 2 (gpt-image-1, gpt-5, Chinese glosses)",/accounts/public_content/325/,150,PAGE,2,How accurate are the glosses?,8,5
12,Ed Sci Exp 1 Teacher Chinese,117,2025-08-30T11:54:45.673179+00:00,126,yaochunlin,325,"EFL Adaptation 2 (gpt-image-1, gpt-5, Chinese glosses)",/accounts/public_content/325/,150,PAGE,2,How accurate are the glosses?,9,5
12,Ed Sci Exp 1 Teacher Chinese,117,2025-08-30T11:54:45.673179+00:00,126,yaochunlin,325,"EFL Adaptation 2 (gpt-image-1, gpt-5, Chinese glosses)",/accounts/public_content/325/,150,PAGE,2,How accurate are the glosses?,10,5
12,Ed Sci Exp 1 Teacher Chinese,117,2025-08-30T11:54:45.673179+00:00,126,yaochunlin,325,"EFL Adaptation 2 (gpt-image-1, gpt-5, Chinese glosses)",/accounts/public_content/325/,150,PAGE,2,How accurate are the glosses?,11,5
12,Ed Sci Exp 1 Teacher Chinese,117,2025-08-30T11:54:45.673179+00:00,126,yaochunlin,325,"EFL Adaptation 2 (gpt-image-1, gpt-5, Chinese glosses)",/accounts/public_content/325/,150,PAGE,2,How accurate are the glosses?,12,5
12,Ed Sci Exp 1 Teacher Chinese,117,2025-08-30T11:54:45.673179+00:00,126,yaochunlin,325,"EFL Adaptation 2 (gpt-image-1, gpt-5, Chinese glosses)",/accounts/public_content/325/,150,PAGE,2,How accurate are the glosses?,13,5
12,Ed Sci Exp 1 Teacher Chinese,117,2025-08-30T11:54:45.673179+00:00,126,yaochunlin,325,"EFL Adaptation 2 (gpt-image-1, gpt-5, Chinese glosses)",/accounts/public_content/325/,150,PAGE,2,How accurate are the glosses?,14,5
12,Ed Sci Exp 1 Teacher Chinese,117,2025-08-30T11:54:45.673179+00:00,126,yaochunlin,325,"EFL Adaptation 2 (gpt-image-1, gpt-5, Chinese glosses)",/accounts/public_content/325/,151,PAGE,3,How accurate are the translations?,1,5
12,Ed Sci Exp 1 Teacher Chinese,117,2025-08-30T11:54:45.673179+00:00,126,yaochunlin,325,"EFL Adaptation 2 (gpt-image-1, gpt-5, Chinese glosses)",/accounts/public_content/325/,151,PAGE,3,How accurate are the translations?,2,4
12,Ed Sci Exp 1 Teacher Chinese,117,2025-08-30T11:54:45.673179+00:00,126,yaochunlin,325,"EFL Adaptation 2 (gpt-image-1, gpt-5, Chinese glosses)",/accounts/public_content/325/,151,PAGE,3,How accurate are the translations?,3,4
12,Ed Sci Exp 1 Teacher Chinese,117,2025-08-30T11:54:45.673179+00:00,126,yaochunlin,325,"EFL Adaptation 2 (gpt-image-1, gpt-5, Chinese glosses)",/accounts/public_content/325/,151,PAGE,3,How accurate are the translations?,4,4
12,Ed Sci Exp 1 Teacher Chinese,117,2025-08-30T11:54:45.673179+00:00,126,yaochunlin,325,"EFL Adaptation 2 (gpt-image-1, gpt-5, Chinese glosses)",/accounts/public_content/325/,151,PAGE,3,How accurate are the translations?,6,5
12,Ed Sci Exp 1 Teacher Chinese,117,2025-08-30T11:54:45.673179+00:00,126,yaochunlin,325,"EFL Adaptation 2 (gpt-image-1, gpt-5, Chinese glosses)",/accounts/public_content/325/,151,PAGE,3,How accurate are the translations?,7,5
12,Ed Sci Exp 1 Teacher Chinese,117,2025-08-30T11:54:45.673179+00:00,126,yaochunlin,325,"EFL Adaptation 2 (gpt-image-1, gpt-5, Chinese glosses)",/accounts/public_content/325/,151,PAGE,3,How accurate are the translations?,8,5
12,Ed Sci Exp 1 Teacher Chinese,117,2025-08-30T11:54:45.673179+00:00,126,yaochunlin,325,"EFL Adaptation 2 (gpt-image-1, gpt-5, Chinese glosses)",/accounts/public_content/325/,151,PAGE,3,How accurate are the translations?,9,5
12,Ed Sci Exp 1 Teacher Chinese,117,2025-08-30T11:54:45.673179+00:00,126,yaochunlin,325,"EFL Adaptation 2 (gpt-image-1, gpt-5, Chinese glosses)",/accounts/public_content/325/,151,PAGE,3,How accurate are the translations?,10,5
12,Ed Sci Exp 1 Teacher Chinese,117,2025-08-30T11:54:45.673179+00:00,126,yaochunlin,325,"EFL Adaptation 2 (gpt-image-1, gpt-5, Chinese glosses)",/accounts/public_content/325/,151,PAGE,3,How accurate are the translations?,11,5
12,Ed Sci Exp 1 Teacher Chinese,117,2025-08-30T11:54:45.673179+00:00,126,yaochunlin,325,"EFL Adaptation 2 (gpt-image-1, gpt-5, Chinese glosses)",/accounts/public_content/325/,151,PAGE,3,How accurate are the translations?,12,5
12,Ed Sci Exp 1 Teacher Chinese,117,2025-08-30T11:54:45.673179+00:00,126,yaochunlin,325,"EFL Adaptation 2 (gpt-image-1, gpt-5, Chinese glosses)",/accounts/public_content/325/,151,PAGE,3,How accurate are the translations?,13,5
12,Ed Sci Exp 1 Teacher Chinese,117,2025-08-30T11:54:45.673179+00:00,126,yaochunlin,325,"EFL Adaptation 2 (gpt-image-1, gpt-5, Chinese glosses)",/accounts/public_content/325/,151,PAGE,3,How accurate are the translations?,14,5
12,Ed Sci Exp 1 Teacher Chinese,124,2025-09-02T01:57:39.850606+00:00,136,zhangyan,325,"EFL Adaptation 2 (gpt-image-1, gpt-5, Chinese glosses)",/accounts/public_content/325/,129,BOOK,1,How consistent is the style of the images overall?,,4
12,Ed Sci Exp 1 Teacher Chinese,124,2025-09-02T01:57:39.850606+00:00,136,zhangyan,325,"EFL Adaptation 2 (gpt-image-1, gpt-5, Chinese glosses)",/accounts/public_content/325/,130,BOOK,2,How consistent is the appearance of the elements overall?,,5
12,Ed Sci Exp 1 Teacher Chinese,124,2025-09-02T01:57:39.850606+00:00,136,zhangyan,325,"EFL Adaptation 2 (gpt-image-1, gpt-5, Chinese glosses)",/accounts/public_content/325/,131,BOOK,3,How culturally appropriate are the images to the relevant culture?,,4
12,Ed Sci Exp 1 Teacher Chinese,124,2025-09-02T01:57:39.850606+00:00,136,zhangyan,325,"EFL Adaptation 2 (gpt-image-1, gpt-5, Chinese glosses)",/accounts/public_content/325/,132,BOOK,4,How visually appealing do you find the images overall?,,4
12,Ed Sci Exp 1 Teacher Chinese,124,2025-09-02T01:57:39.850606+00:00,136,zhangyan,325,"EFL Adaptation 2 (gpt-image-1, gpt-5, Chinese glosses)",/accounts/public_content/325/,149,PAGE,1,How well does the image correspond to the text?,1,5
12,Ed Sci Exp 1 Teacher Chinese,124,2025-09-02T01:57:39.850606+00:00,136,zhangyan,325,"EFL Adaptation 2 (gpt-image-1, gpt-5, Chinese glosses)",/accounts/public_content/325/,149,PAGE,1,How well does the image correspond to the text?,2,5
12,Ed Sci Exp 1 Teacher Chinese,124,2025-09-02T01:57:39.850606+00:00,136,zhangyan,325,"EFL Adaptation 2 (gpt-image-1, gpt-5, Chinese glosses)",/accounts/public_content/325/,149,PAGE,1,How well does the image correspond to the text?,3,5
12,Ed Sci Exp 1 Teacher Chinese,124,2025-09-02T01:57:39.850606+00:00,136,zhangyan,325,"EFL Adaptation 2 (gpt-image-1, gpt-5, Chinese glosses)",/accounts/public_content/325/,149,PAGE,1,How well does the image correspond to the text?,4,4
12,Ed Sci Exp 1 Teacher Chinese,124,2025-09-02T01:57:39.850606+00:00,136,zhangyan,325,"EFL Adaptation 2 (gpt-image-1, gpt-5, Chinese glosses)",/accounts/public_content/325/,149,PAGE,1,How well does the image correspond to the text?,5,4
12,Ed Sci Exp 1 Teacher Chinese,124,2025-09-02T01:57:39.850606+00:00,136,zhangyan,325,"EFL Adaptation 2 (gpt-image-1, gpt-5, Chinese glosses)",/accounts/public_content/325/,149,PAGE,1,How well does the image correspond to the text?,6,5
12,Ed Sci Exp 1 Teacher Chinese,124,2025-09-02T01:57:39.850606+00:00,136,zhangyan,325,"EFL Adaptation 2 (gpt-image-1, gpt-5, Chinese glosses)",/accounts/public_content/325/,149,PAGE,1,How well does the image correspond to the text?,7,5
12,Ed Sci Exp 1 Teacher Chinese,124,2025-09-02T01:57:39.850606+00:00,136,zhangyan,325,"EFL Adaptation 2 (gpt-image-1, gpt-5, Chinese glosses)",/accounts/public_content/325/,149,PAGE,1,How well does the image correspond to the text?,8,5
12,Ed Sci Exp 1 Teacher Chinese,124,2025-09-02T01:57:39.850606+00:00,136,zhangyan,325,"EFL Adaptation 2 (gpt-image-1, gpt-5, Chinese glosses)",/accounts/public_content/325/,149,PAGE,1,How well does the image correspond to the text?,9,5
12,Ed Sci Exp 1 Teacher Chinese,124,2025-09-02T01:57:39.850606+00:00,136,zhangyan,325,"EFL Adaptation 2 (gpt-image-1, gpt-5, Chinese glosses)",/accounts/public_content/325/,149,PAGE,1,How well does the image correspond to the text?,10,5
12,Ed Sci Exp 1 Teacher Chinese,124,2025-09-02T01:57:39.850606+00:00,136,zhangyan,325,"EFL Adaptation 2 (gpt-image-1, gpt-5, Chinese glosses)",/accounts/public_content/325/,149,PAGE,1,How well does the image correspond to the text?,11,4
12,Ed Sci Exp 1 Teacher Chinese,124,2025-09-02T01:57:39.850606+00:00,136,zhangyan,325,"EFL Adaptation 2 (gpt-image-1, gpt-5, Chinese glosses)",/accounts/public_content/325/,149,PAGE,1,How well does the image correspond to the text?,12,5
12,Ed Sci Exp 1 Teacher Chinese,124,2025-09-02T01:57:39.850606+00:00,136,zhangyan,325,"EFL Adaptation 2 (gpt-image-1, gpt-5, Chinese glosses)",/accounts/public_content/325/,149,PAGE,1,How well does the image correspond to the text?,13,5
12,Ed Sci Exp 1 Teacher Chinese,124,2025-09-02T01:57:39.850606+00:00,136,zhangyan,325,"EFL Adaptation 2 (gpt-image-1, gpt-5, Chinese glosses)",/accounts/public_content/325/,149,PAGE,1,How well does the image correspond to the text?,14,5
12,Ed Sci Exp 1 Teacher Chinese,124,2025-09-02T01:57:39.850606+00:00,136,zhangyan,325,"EFL Adaptation 2 (gpt-image-1, gpt-5, Chinese glosses)",/accounts/public_content/325/,150,PAGE,2,How accurate are the glosses?,1,5
12,Ed Sci Exp 1 Teacher Chinese,124,2025-09-02T01:57:39.850606+00:00,136,zhangyan,325,"EFL Adaptation 2 (gpt-image-1, gpt-5, Chinese glosses)",/accounts/public_content/325/,150,PAGE,2,How accurate are the glosses?,2,4
12,Ed Sci Exp 1 Teacher Chinese,124,2025-09-02T01:57:39.850606+00:00,136,zhangyan,325,"EFL Adaptation 2 (gpt-image-1, gpt-5, Chinese glosses)",/accounts/public_content/325/,150,PAGE,2,How accurate are the glosses?,3,5
12,Ed Sci Exp 1 Teacher Chinese,124,2025-09-02T01:57:39.850606+00:00,136,zhangyan,325,"EFL Adaptation 2 (gpt-image-1, gpt-5, Chinese glosses)",/accounts/public_content/325/,150,PAGE,2,How accurate are the glosses?,4,4
12,Ed Sci Exp 1 Teacher Chinese,124,2025-09-02T01:57:39.850606+00:00,136,zhangyan,325,"EFL Adaptation 2 (gpt-image-1, gpt-5, Chinese glosses)",/accounts/public_content/325/,150,PAGE,2,How accurate are the glosses?,5,5
12,Ed Sci Exp 1 Teacher Chinese,124,2025-09-02T01:57:39.850606+00:00,136,zhangyan,325,"EFL Adaptation 2 (gpt-image-1, gpt-5, Chinese glosses)",/accounts/public_content/325/,150,PAGE,2,How accurate are the glosses?,6,5
12,Ed Sci Exp 1 Teacher Chinese,124,2025-09-02T01:57:39.850606+00:00,136,zhangyan,325,"EFL Adaptation 2 (gpt-image-1, gpt-5, Chinese glosses)",/accounts/public_content/325/,150,PAGE,2,How accurate are the glosses?,7,5
12,Ed Sci Exp 1 Teacher Chinese,124,2025-09-02T01:57:39.850606+00:00,136,zhangyan,325,"EFL Adaptation 2 (gpt-image-1, gpt-5, Chinese glosses)",/accounts/public_content/325/,150,PAGE,2,How accurate are the glosses?,8,5
12,Ed Sci Exp 1 Teacher Chinese,124,2025-09-02T01:57:39.850606+00:00,136,zhangyan,325,"EFL Adaptation 2 (gpt-image-1, gpt-5, Chinese glosses)",/accounts/public_content/325/,150,PAGE,2,How accurate are the glosses?,9,4
12,Ed Sci Exp 1 Teacher Chinese,124,2025-09-02T01:57:39.850606+00:00,136,zhangyan,325,"EFL Adaptation 2 (gpt-image-1, gpt-5, Chinese glosses)",/accounts/public_content/325/,150,PAGE,2,How accurate are the glosses?,10,5
12,Ed Sci Exp 1 Teacher Chinese,124,2025-09-02T01:57:39.850606+00:00,136,zhangyan,325,"EFL Adaptation 2 (gpt-image-1, gpt-5, Chinese glosses)",/accounts/public_content/325/,150,PAGE,2,How accurate are the glosses?,11,4
12,Ed Sci Exp 1 Teacher Chinese,124,2025-09-02T01:57:39.850606+00:00,136,zhangyan,325,"EFL Adaptation 2 (gpt-image-1, gpt-5, Chinese glosses)",/accounts/public_content/325/,150,PAGE,2,How accurate are the glosses?,12,5
12,Ed Sci Exp 1 Teacher Chinese,124,2025-09-02T01:57:39.850606+00:00,136,zhangyan,325,"EFL Adaptation 2 (gpt-image-1, gpt-5, Chinese glosses)",/accounts/public_content/325/,150,PAGE,2,How accurate are the glosses?,13,5
12,Ed Sci Exp 1 Teacher Chinese,124,2025-09-02T01:57:39.850606+00:00,136,zhangyan,325,"EFL Adaptation 2 (gpt-image-1, gpt-5, Chinese glosses)",/accounts/public_content/325/,150,PAGE,2,How accurate are the glosses?,14,4
12,Ed Sci Exp 1 Teacher Chinese,124,2025-09-02T01:57:39.850606+00:00,136,zhangyan,325,"EFL Adaptation 2 (gpt-image-1, gpt-5, Chinese glosses)",/accounts/public_content/325/,151,PAGE,3,How accurate are the translations?,1,5
12,Ed Sci Exp 1 Teacher Chinese,124,2025-09-02T01:57:39.850606+00:00,136,zhangyan,325,"EFL Adaptation 2 (gpt-image-1, gpt-5, Chinese glosses)",/accounts/public_content/325/,151,PAGE,3,How accurate are the translations?,2,5
12,Ed Sci Exp 1 Teacher Chinese,124,2025-09-02T01:57:39.850606+00:00,136,zhangyan,325,"EFL Adaptation 2 (gpt-image-1, gpt-5, Chinese glosses)",/accounts/public_content/325/,151,PAGE,3,How accurate are the translations?,3,5
12,Ed Sci Exp 1 Teacher Chinese,124,2025-09-02T01:57:39.850606+00:00,136,zhangyan,325,"EFL Adaptation 2 (gpt-image-1, gpt-5, Chinese glosses)",/accounts/public_content/325/,151,PAGE,3,How accurate are the translations?,4,5
12,Ed Sci Exp 1 Teacher Chinese,124,2025-09-02T01:57:39.850606+00:00,136,zhangyan,325,"EFL Adaptation 2 (gpt-image-1, gpt-5, Chinese glosses)",/accounts/public_content/325/,151,PAGE,3,How accurate are the translations?,5,5
12,Ed Sci Exp 1 Teacher Chinese,124,2025-09-02T01:57:39.850606+00:00,136,zhangyan,325,"EFL Adaptation 2 (gpt-image-1, gpt-5, Chinese glosses)",/accounts/public_content/325/,151,PAGE,3,How accurate are the translations?,6,4
12,Ed Sci Exp 1 Teacher Chinese,124,2025-09-02T01:57:39.850606+00:00,136,zhangyan,325,"EFL Adaptation 2 (gpt-image-1, gpt-5, Chinese glosses)",/accounts/public_content/325/,151,PAGE,3,How accurate are the translations?,7,5
12,Ed Sci Exp 1 Teacher Chinese,124,2025-09-02T01:57:39.850606+00:00,136,zhangyan,325,"EFL Adaptation 2 (gpt-image-1, gpt-5, Chinese glosses)",/accounts/public_content/325/,151,PAGE,3,How accurate are the translations?,8,5
12,Ed Sci Exp 1 Teacher Chinese,124,2025-09-02T01:57:39.850606+00:00,136,zhangyan,325,"EFL Adaptation 2 (gpt-image-1, gpt-5, Chinese glosses)",/accounts/public_content/325/,151,PAGE,3,How accurate are the translations?,9,4
12,Ed Sci Exp 1 Teacher Chinese,124,2025-09-02T01:57:39.850606+00:00,136,zhangyan,325,"EFL Adaptation 2 (gpt-image-1, gpt-5, Chinese glosses)",/accounts/public_content/325/,151,PAGE,3,How accurate are the translations?,10,4
12,Ed Sci Exp 1 Teacher Chinese,124,2025-09-02T01:57:39.850606+00:00,136,zhangyan,325,"EFL Adaptation 2 (gpt-image-1, gpt-5, Chinese glosses)",/accounts/public_content/325/,151,PAGE,3,How accurate are the translations?,11,5
12,Ed Sci Exp 1 Teacher Chinese,124,2025-09-02T01:57:39.850606+00:00,136,zhangyan,325,"EFL Adaptation 2 (gpt-image-1, gpt-5, Chinese glosses)",/accounts/public_content/325/,151,PAGE,3,How accurate are the translations?,12,5
12,Ed Sci Exp 1 Teacher Chinese,124,2025-09-02T01:57:39.850606+00:00,136,zhangyan,325,"EFL Adaptation 2 (gpt-image-1, gpt-5, Chinese glosses)",/accounts/public_content/325/,151,PAGE,3,How accurate are the translations?,13,5
12,Ed Sci Exp 1 Teacher Chinese,124,2025-09-02T01:57:39.850606+00:00,136,zhangyan,325,"EFL Adaptation 2 (gpt-image-1, gpt-5, Chinese glosses)",/accounts/public_content/325/,151,PAGE,3,How accurate are the translations?,14,5
12,Ed Sci Exp 1 Teacher Chinese,130,2025-09-02T02:33:22.078446+00:00,137,weiwei,325,"EFL Adaptation 2 (gpt-image-1, gpt-5, Chinese glosses)",/accounts/public_content/325/,129,BOOK,1,How consistent is the style of the images overall?,,5
12,Ed Sci Exp 1 Teacher Chinese,130,2025-09-02T02:33:22.078446+00:00,137,weiwei,325,"EFL Adaptation 2 (gpt-image-1, gpt-5, Chinese glosses)",/accounts/public_content/325/,130,BOOK,2,How consistent is the appearance of the elements overall?,,4
12,Ed Sci Exp 1 Teacher Chinese,130,2025-09-02T02:33:22.078446+00:00,137,weiwei,325,"EFL Adaptation 2 (gpt-image-1, gpt-5, Chinese glosses)",/accounts/public_content/325/,131,BOOK,3,How culturally appropriate are the images to the relevant culture?,,5
12,Ed Sci Exp 1 Teacher Chinese,130,2025-09-02T02:33:22.078446+00:00,137,weiwei,325,"EFL Adaptation 2 (gpt-image-1, gpt-5, Chinese glosses)",/accounts/public_content/325/,132,BOOK,4,How visually appealing do you find the images overall?,,5
12,Ed Sci Exp 1 Teacher Chinese,130,2025-09-02T02:33:22.078446+00:00,137,weiwei,325,"EFL Adaptation 2 (gpt-image-1, gpt-5, Chinese glosses)",/accounts/public_content/325/,149,PAGE,1,How well does the image correspond to the text?,1,5
12,Ed Sci Exp 1 Teacher Chinese,130,2025-09-02T02:33:22.078446+00:00,137,weiwei,325,"EFL Adaptation 2 (gpt-image-1, gpt-5, Chinese glosses)",/accounts/public_content/325/,149,PAGE,1,How well does the image correspond to the text?,2,5
12,Ed Sci Exp 1 Teacher Chinese,130,2025-09-02T02:33:22.078446+00:00,137,weiwei,325,"EFL Adaptation 2 (gpt-image-1, gpt-5, Chinese glosses)",/accounts/public_content/325/,149,PAGE,1,How well does the image correspond to the text?,3,4
12,Ed Sci Exp 1 Teacher Chinese,130,2025-09-02T02:33:22.078446+00:00,137,weiwei,325,"EFL Adaptation 2 (gpt-image-1, gpt-5, Chinese glosses)",/accounts/public_content/325/,149,PAGE,1,How well does the image correspond to the text?,4,5
12,Ed Sci Exp 1 Teacher Chinese,130,2025-09-02T02:33:22.078446+00:00,137,weiwei,325,"EFL Adaptation 2 (gpt-image-1, gpt-5, Chinese glosses)",/accounts/public_content/325/,149,PAGE,1,How well does the image correspond to the text?,5,5
12,Ed Sci Exp 1 Teacher Chinese,130,2025-09-02T02:33:22.078446+00:00,137,weiwei,325,"EFL Adaptation 2 (gpt-image-1, gpt-5, Chinese glosses)",/accounts/public_content/325/,149,PAGE,1,How well does the image correspond to the text?,6,5
12,Ed Sci Exp 1 Teacher Chinese,130,2025-09-02T02:33:22.078446+00:00,137,weiwei,325,"EFL Adaptation 2 (gpt-image-1, gpt-5, Chinese glosses)",/accounts/public_content/325/,149,PAGE,1,How well does the image correspond to the text?,7,5
12,Ed Sci Exp 1 Teacher Chinese,130,2025-09-02T02:33:22.078446+00:00,137,weiwei,325,"EFL Adaptation 2 (gpt-image-1, gpt-5, Chinese glosses)",/accounts/public_content/325/,149,PAGE,1,How well does the image correspond to the text?,8,5
12,Ed Sci Exp 1 Teacher Chinese,130,2025-09-02T02:33:22.078446+00:00,137,weiwei,325,"EFL Adaptation 2 (gpt-image-1, gpt-5, Chinese glosses)",/accounts/public_content/325/,149,PAGE,1,How well does the image correspond to the text?,9,5
12,Ed Sci Exp 1 Teacher Chinese,130,2025-09-02T02:33:22.078446+00:00,137,weiwei,325,"EFL Adaptation 2 (gpt-image-1, gpt-5, Chinese glosses)",/accounts/public_content/325/,149,PAGE,1,How well does the image correspond to the text?,10,4
12,Ed Sci Exp 1 Teacher Chinese,130,2025-09-02T02:33:22.078446+00:00,137,weiwei,325,"EFL Adaptation 2 (gpt-image-1, gpt-5, Chinese glosses)",/accounts/public_content/325/,149,PAGE,1,How well does the image correspond to the text?,11,5
12,Ed Sci Exp 1 Teacher Chinese,130,2025-09-02T02:33:22.078446+00:00,137,weiwei,325,"EFL Adaptation 2 (gpt-image-1, gpt-5, Chinese glosses)",/accounts/public_content/325/,149,PAGE,1,How well does the image correspond to the text?,12,5
12,Ed Sci Exp 1 Teacher Chinese,130,2025-09-02T02:33:22.078446+00:00,137,weiwei,325,"EFL Adaptation 2 (gpt-image-1, gpt-5, Chinese glosses)",/accounts/public_content/325/,149,PAGE,1,How well does the image correspond to the text?,13,5
12,Ed Sci Exp 1 Teacher Chinese,130,2025-09-02T02:33:22.078446+00:00,137,weiwei,325,"EFL Adaptation 2 (gpt-image-1, gpt-5, Chinese glosses)",/accounts/public_content/325/,149,PAGE,1,How well does the image correspond to the text?,14,5
12,Ed Sci Exp 1 Teacher Chinese,130,2025-09-02T02:33:22.078446+00:00,137,weiwei,325,"EFL Adaptation 2 (gpt-image-1, gpt-5, Chinese glosses)",/accounts/public_content/325/,150,PAGE,2,How accurate are the glosses?,1,4
12,Ed Sci Exp 1 Teacher Chinese,130,2025-09-02T02:33:22.078446+00:00,137,weiwei,325,"EFL Adaptation 2 (gpt-image-1, gpt-5, Chinese glosses)",/accounts/public_content/325/,150,PAGE,2,How accurate are the glosses?,2,5
12,Ed Sci Exp 1 Teacher Chinese,130,2025-09-02T02:33:22.078446+00:00,137,weiwei,325,"EFL Adaptation 2 (gpt-image-1, gpt-5, Chinese glosses)",/accounts/public_content/325/,150,PAGE,2,How accurate are the glosses?,3,5
12,Ed Sci Exp 1 Teacher Chinese,130,2025-09-02T02:33:22.078446+00:00,137,weiwei,325,"EFL Adaptation 2 (gpt-image-1, gpt-5, Chinese glosses)",/accounts/public_content/325/,150,PAGE,2,How accurate are the glosses?,4,4
12,Ed Sci Exp 1 Teacher Chinese,130,2025-09-02T02:33:22.078446+00:00,137,weiwei,325,"EFL Adaptation 2 (gpt-image-1, gpt-5, Chinese glosses)",/accounts/public_content/325/,150,PAGE,2,How accurate are the glosses?,5,5
12,Ed Sci Exp 1 Teacher Chinese,130,2025-09-02T02:33:22.078446+00:00,137,weiwei,325,"EFL Adaptation 2 (gpt-image-1, gpt-5, Chinese glosses)",/accounts/public_content/325/,150,PAGE,2,How accurate are the glosses?,6,4
12,Ed Sci Exp 1 Teacher Chinese,130,2025-09-02T02:33:22.078446+00:00,137,weiwei,325,"EFL Adaptation 2 (gpt-image-1, gpt-5, Chinese glosses)",/accounts/public_content/325/,150,PAGE,2,How accurate are the glosses?,7,5
12,Ed Sci Exp 1 Teacher Chinese,130,2025-09-02T02:33:22.078446+00:00,137,weiwei,325,"EFL Adaptation 2 (gpt-image-1, gpt-5, Chinese glosses)",/accounts/public_content/325/,150,PAGE,2,How accurate are the glosses?,8,4
12,Ed Sci Exp 1 Teacher Chinese,130,2025-09-02T02:33:22.078446+00:00,137,weiwei,325,"EFL Adaptation 2 (gpt-image-1, gpt-5, Chinese glosses)",/accounts/public_content/325/,150,PAGE,2,How accurate are the glosses?,9,5
12,Ed Sci Exp 1 Teacher Chinese,130,2025-09-02T02:33:22.078446+00:00,137,weiwei,325,"EFL Adaptation 2 (gpt-image-1, gpt-5, Chinese glosses)",/accounts/public_content/325/,150,PAGE,2,How accurate are the glosses?,10,5
12,Ed Sci Exp 1 Teacher Chinese,130,2025-09-02T02:33:22.078446+00:00,137,weiwei,325,"EFL Adaptation 2 (gpt-image-1, gpt-5, Chinese glosses)",/accounts/public_content/325/,150,PAGE,2,How accurate are the glosses?,11,4
12,Ed Sci Exp 1 Teacher Chinese,130,2025-09-02T02:33:22.078446+00:00,137,weiwei,325,"EFL Adaptation 2 (gpt-image-1, gpt-5, Chinese glosses)",/accounts/public_content/325/,150,PAGE,2,How accurate are the glosses?,12,5
12,Ed Sci Exp 1 Teacher Chinese,130,2025-09-02T02:33:22.078446+00:00,137,weiwei,325,"EFL Adaptation 2 (gpt-image-1, gpt-5, Chinese glosses)",/accounts/public_content/325/,150,PAGE,2,How accurate are the glosses?,13,4
12,Ed Sci Exp 1 Teacher Chinese,130,2025-09-02T02:33:22.078446+00:00,137,weiwei,325,"EFL Adaptation 2 (gpt-image-1, gpt-5, Chinese glosses)",/accounts/public_content/325/,150,PAGE,2,How accurate are the glosses?,14,5
12,Ed Sci Exp 1 Teacher Chinese,130,2025-09-02T02:33:22.078446+00:00,137,weiwei,325,"EFL Adaptation 2 (gpt-image-1, gpt-5, Chinese glosses)",/accounts/public_content/325/,151,PAGE,3,How accurate are the translations?,1,5
12,Ed Sci Exp 1 Teacher Chinese,130,2025-09-02T02:33:22.078446+00:00,137,weiwei,325,"EFL Adaptation 2 (gpt-image-1, gpt-5, Chinese glosses)",/accounts/public_content/325/,151,PAGE,3,How accurate are the translations?,2,5
12,Ed Sci Exp 1 Teacher Chinese,130,2025-09-02T02:33:22.078446+00:00,137,weiwei,325,"EFL Adaptation 2 (gpt-image-1, gpt-5, Chinese glosses)",/accounts/public_content/325/,151,PAGE,3,How accurate are the translations?,3,5
12,Ed Sci Exp 1 Teacher Chinese,130,2025-09-02T02:33:22.078446+00:00,137,weiwei,325,"EFL Adaptation 2 (gpt-image-1, gpt-5, Chinese glosses)",/accounts/public_content/325/,151,PAGE,3,How accurate are the translations?,4,5
12,Ed Sci Exp 1 Teacher Chinese,130,2025-09-02T02:33:22.078446+00:00,137,weiwei,325,"EFL Adaptation 2 (gpt-image-1, gpt-5, Chinese glosses)",/accounts/public_content/325/,151,PAGE,3,How accurate are the translations?,5,4
12,Ed Sci Exp 1 Teacher Chinese,130,2025-09-02T02:33:22.078446+00:00,137,weiwei,325,"EFL Adaptation 2 (gpt-image-1, gpt-5, Chinese glosses)",/accounts/public_content/325/,151,PAGE,3,How accurate are the translations?,6,5
12,Ed Sci Exp 1 Teacher Chinese,130,2025-09-02T02:33:22.078446+00:00,137,weiwei,325,"EFL Adaptation 2 (gpt-image-1, gpt-5, Chinese glosses)",/accounts/public_content/325/,151,PAGE,3,How accurate are the translations?,7,4
12,Ed Sci Exp 1 Teacher Chinese,130,2025-09-02T02:33:22.078446+00:00,137,weiwei,325,"EFL Adaptation 2 (gpt-image-1, gpt-5, Chinese glosses)",/accounts/public_content/325/,151,PAGE,3,How accurate are the translations?,8,5
12,Ed Sci Exp 1 Teacher Chinese,130,2025-09-02T02:33:22.078446+00:00,137,weiwei,325,"EFL Adaptation 2 (gpt-image-1, gpt-5, Chinese glosses)",/accounts/public_content/325/,151,PAGE,3,How accurate are the translations?,9,5
12,Ed Sci Exp 1 Teacher Chinese,130,2025-09-02T02:33:22.078446+00:00,137,weiwei,325,"EFL Adaptation 2 (gpt-image-1, gpt-5, Chinese glosses)",/accounts/public_content/325/,151,PAGE,3,How accurate are the translations?,10,4
12,Ed Sci Exp 1 Teacher Chinese,130,2025-09-02T02:33:22.078446+00:00,137,weiwei,325,"EFL Adaptation 2 (gpt-image-1, gpt-5, Chinese glosses)",/accounts/public_content/325/,151,PAGE,3,How accurate are the translations?,11,4
12,Ed Sci Exp 1 Teacher Chinese,130,2025-09-02T02:33:22.078446+00:00,137,weiwei,325,"EFL Adaptation 2 (gpt-image-1, gpt-5, Chinese glosses)",/accounts/public_content/325/,151,PAGE,3,How accurate are the translations?,12,5
12,Ed Sci Exp 1 Teacher Chinese,130,2025-09-02T02:33:22.078446+00:00,137,weiwei,325,"EFL Adaptation 2 (gpt-image-1, gpt-5, Chinese glosses)",/accounts/public_content/325/,151,PAGE,3,How accurate are the translations?,13,5
12,Ed Sci Exp 1 Teacher Chinese,130,2025-09-02T02:33:22.078446+00:00,137,weiwei,325,"EFL Adaptation 2 (gpt-image-1, gpt-5, Chinese glosses)",/accounts/public_content/325/,151,PAGE,3,How accurate are the translations?,14,5
12,Ed Sci Exp 1 Teacher Chinese,136,2025-09-02T03:05:33.714233+00:00,138,chunying,325,"EFL Adaptation 2 (gpt-image-1, gpt-5, Chinese glosses)",/accounts/public_content/325/,129,BOOK,1,How consistent is the style of the images overall?,,5
12,Ed Sci Exp 1 Teacher Chinese,136,2025-09-02T03:05:33.714233+00:00,138,chunying,325,"EFL Adaptation 2 (gpt-image-1, gpt-5, Chinese glosses)",/accounts/public_content/325/,130,BOOK,2,How consistent is the appearance of the elements overall?,,4
12,Ed Sci Exp 1 Teacher Chinese,136,2025-09-02T03:05:33.714233+00:00,138,chunying,325,"EFL Adaptation 2 (gpt-image-1, gpt-5, Chinese glosses)",/accounts/public_content/325/,131,BOOK,3,How culturally appropriate are the images to the relevant culture?,,5
12,Ed Sci Exp 1 Teacher Chinese,136,2025-09-02T03:05:33.714233+00:00,138,chunying,325,"EFL Adaptation 2 (gpt-image-1, gpt-5, Chinese glosses)",/accounts/public_content/325/,132,BOOK,4,How visually appealing do you find the images overall?,,4
12,Ed Sci Exp 1 Teacher Chinese,136,2025-09-02T03:05:33.714233+00:00,138,chunying,325,"EFL Adaptation 2 (gpt-image-1, gpt-5, Chinese glosses)",/accounts/public_content/325/,149,PAGE,1,How well does the image correspond to the text?,1,4
12,Ed Sci Exp 1 Teacher Chinese,136,2025-09-02T03:05:33.714233+00:00,138,chunying,325,"EFL Adaptation 2 (gpt-image-1, gpt-5, Chinese glosses)",/accounts/public_content/325/,149,PAGE,1,How well does the image correspond to the text?,2,5
12,Ed Sci Exp 1 Teacher Chinese,136,2025-09-02T03:05:33.714233+00:00,138,chunying,325,"EFL Adaptation 2 (gpt-image-1, gpt-5, Chinese glosses)",/accounts/public_content/325/,149,PAGE,1,How well does the image correspond to the text?,3,5
12,Ed Sci Exp 1 Teacher Chinese,136,2025-09-02T03:05:33.714233+00:00,138,chunying,325,"EFL Adaptation 2 (gpt-image-1, gpt-5, Chinese glosses)",/accounts/public_content/325/,149,PAGE,1,How well does the image correspond to the text?,4,5
12,Ed Sci Exp 1 Teacher Chinese,136,2025-09-02T03:05:33.714233+00:00,138,chunying,325,"EFL Adaptation 2 (gpt-image-1, gpt-5, Chinese glosses)",/accounts/public_content/325/,149,PAGE,1,How well does the image correspond to the text?,5,5
12,Ed Sci Exp 1 Teacher Chinese,136,2025-09-02T03:05:33.714233+00:00,138,chunying,325,"EFL Adaptation 2 (gpt-image-1, gpt-5, Chinese glosses)",/accounts/public_content/325/,149,PAGE,1,How well does the image correspond to the text?,6,5
12,Ed Sci Exp 1 Teacher Chinese,136,2025-09-02T03:05:33.714233+00:00,138,chunying,325,"EFL Adaptation 2 (gpt-image-1, gpt-5, Chinese glosses)",/accounts/public_content/325/,149,PAGE,1,How well does the image correspond to the text?,7,5
12,Ed Sci Exp 1 Teacher Chinese,136,2025-09-02T03:05:33.714233+00:00,138,chunying,325,"EFL Adaptation 2 (gpt-image-1, gpt-5, Chinese glosses)",/accounts/public_content/325/,149,PAGE,1,How well does the image correspond to the text?,8,5
12,Ed Sci Exp 1 Teacher Chinese,136,2025-09-02T03:05:33.714233+00:00,138,chunying,325,"EFL Adaptation 2 (gpt-image-1, gpt-5, Chinese glosses)",/accounts/public_content/325/,149,PAGE,1,How well does the image correspond to the text?,9,5
12,Ed Sci Exp 1 Teacher Chinese,136,2025-09-02T03:05:33.714233+00:00,138,chunying,325,"EFL Adaptation 2 (gpt-image-1, gpt-5, Chinese glosses)",/accounts/public_content/325/,149,PAGE,1,How well does the image correspond to the text?,10,5
12,Ed Sci Exp 1 Teacher Chinese,136,2025-09-02T03:05:33.714233+00:00,138,chunying,325,"EFL Adaptation 2 (gpt-image-1, gpt-5, Chinese glosses)",/accounts/public_content/325/,149,PAGE,1,How well does the image correspond to the text?,11,5
12,Ed Sci Exp 1 Teacher Chinese,136,2025-09-02T03:05:33.714233+00:00,138,chunying,325,"EFL Adaptation 2 (gpt-image-1, gpt-5, Chinese glosses)",/accounts/public_content/325/,149,PAGE,1,How well does the image correspond to the text?,12,5
12,Ed Sci Exp 1 Teacher Chinese,136,2025-09-02T03:05:33.714233+00:00,138,chunying,325,"EFL Adaptation 2 (gpt-image-1, gpt-5, Chinese glosses)",/accounts/public_content/325/,149,PAGE,1,How well does the image correspond to the text?,13,5
12,Ed Sci Exp 1 Teacher Chinese,136,2025-09-02T03:05:33.714233+00:00,138,chunying,325,"EFL Adaptation 2 (gpt-image-1, gpt-5, Chinese glosses)",/accounts/public_content/325/,149,PAGE,1,How well does the image correspond to the text?,14,5
12,Ed Sci Exp 1 Teacher Chinese,136,2025-09-02T03:05:33.714233+00:00,138,chunying,325,"EFL Adaptation 2 (gpt-image-1, gpt-5, Chinese glosses)",/accounts/public_content/325/,150,PAGE,2,How accurate are the glosses?,1,5
12,Ed Sci Exp 1 Teacher Chinese,136,2025-09-02T03:05:33.714233+00:00,138,chunying,325,"EFL Adaptation 2 (gpt-image-1, gpt-5, Chinese glosses)",/accounts/public_content/325/,150,PAGE,2,How accurate are the glosses?,2,4
12,Ed Sci Exp 1 Teacher Chinese,136,2025-09-02T03:05:33.714233+00:00,138,chunying,325,"EFL Adaptation 2 (gpt-image-1, gpt-5, Chinese glosses)",/accounts/public_content/325/,150,PAGE,2,How accurate are the glosses?,3,4
12,Ed Sci Exp 1 Teacher Chinese,136,2025-09-02T03:05:33.714233+00:00,138,chunying,325,"EFL Adaptation 2 (gpt-image-1, gpt-5, Chinese glosses)",/accounts/public_content/325/,150,PAGE,2,How accurate are the glosses?,4,5
12,Ed Sci Exp 1 Teacher Chinese,136,2025-09-02T03:05:33.714233+00:00,138,chunying,325,"EFL Adaptation 2 (gpt-image-1, gpt-5, Chinese glosses)",/accounts/public_content/325/,150,PAGE,2,How accurate are the glosses?,5,5
12,Ed Sci Exp 1 Teacher Chinese,136,2025-09-02T03:05:33.714233+00:00,138,chunying,325,"EFL Adaptation 2 (gpt-image-1, gpt-5, Chinese glosses)",/accounts/public_content/325/,150,PAGE,2,How accurate are the glosses?,6,5
12,Ed Sci Exp 1 Teacher Chinese,136,2025-09-02T03:05:33.714233+00:00,138,chunying,325,"EFL Adaptation 2 (gpt-image-1, gpt-5, Chinese glosses)",/accounts/public_content/325/,150,PAGE,2,How accurate are the glosses?,7,5
12,Ed Sci Exp 1 Teacher Chinese,136,2025-09-02T03:05:33.714233+00:00,138,chunying,325,"EFL Adaptation 2 (gpt-image-1, gpt-5, Chinese glosses)",/accounts/public_content/325/,150,PAGE,2,How accurate are the glosses?,8,4
12,Ed Sci Exp 1 Teacher Chinese,136,2025-09-02T03:05:33.714233+00:00,138,chunying,325,"EFL Adaptation 2 (gpt-image-1, gpt-5, Chinese glosses)",/accounts/public_content/325/,150,PAGE,2,How accurate are the glosses?,9,5
12,Ed Sci Exp 1 Teacher Chinese,136,2025-09-02T03:05:33.714233+00:00,138,chunying,325,"EFL Adaptation 2 (gpt-image-1, gpt-5, Chinese glosses)",/accounts/public_content/325/,150,PAGE,2,How accurate are the glosses?,10,4
12,Ed Sci Exp 1 Teacher Chinese,136,2025-09-02T03:05:33.714233+00:00,138,chunying,325,"EFL Adaptation 2 (gpt-image-1, gpt-5, Chinese glosses)",/accounts/public_content/325/,150,PAGE,2,How accurate are the glosses?,11,5
12,Ed Sci Exp 1 Teacher Chinese,136,2025-09-02T03:05:33.714233+00:00,138,chunying,325,"EFL Adaptation 2 (gpt-image-1, gpt-5, Chinese glosses)",/accounts/public_content/325/,150,PAGE,2,How accurate are the glosses?,12,4
12,Ed Sci Exp 1 Teacher Chinese,136,2025-09-02T03:05:33.714233+00:00,138,chunying,325,"EFL Adaptation 2 (gpt-image-1, gpt-5, Chinese glosses)",/accounts/public_content/325/,150,PAGE,2,How accurate are the glosses?,13,4
12,Ed Sci Exp 1 Teacher Chinese,136,2025-09-02T03:05:33.714233+00:00,138,chunying,325,"EFL Adaptation 2 (gpt-image-1, gpt-5, Chinese glosses)",/accounts/public_content/325/,150,PAGE,2,How accurate are the glosses?,14,5
12,Ed Sci Exp 1 Teacher Chinese,136,2025-09-02T03:05:33.714233+00:00,138,chunying,325,"EFL Adaptation 2 (gpt-image-1, gpt-5, Chinese glosses)",/accounts/public_content/325/,151,PAGE,3,How accurate are the translations?,1,5
12,Ed Sci Exp 1 Teacher Chinese,136,2025-09-02T03:05:33.714233+00:00,138,chunying,325,"EFL Adaptation 2 (gpt-image-1, gpt-5, Chinese glosses)",/accounts/public_content/325/,151,PAGE,3,How accurate are the translations?,2,4
12,Ed Sci Exp 1 Teacher Chinese,136,2025-09-02T03:05:33.714233+00:00,138,chunying,325,"EFL Adaptation 2 (gpt-image-1, gpt-5, Chinese glosses)",/accounts/public_content/325/,151,PAGE,3,How accurate are the translations?,3,5
12,Ed Sci Exp 1 Teacher Chinese,136,2025-09-02T03:05:33.714233+00:00,138,chunying,325,"EFL Adaptation 2 (gpt-image-1, gpt-5, Chinese glosses)",/accounts/public_content/325/,151,PAGE,3,How accurate are the translations?,4,4
12,Ed Sci Exp 1 Teacher Chinese,136,2025-09-02T03:05:33.714233+00:00,138,chunying,325,"EFL Adaptation 2 (gpt-image-1, gpt-5, Chinese glosses)",/accounts/public_content/325/,151,PAGE,3,How accurate are the translations?,5,4
12,Ed Sci Exp 1 Teacher Chinese,136,2025-09-02T03:05:33.714233+00:00,138,chunying,325,"EFL Adaptation 2 (gpt-image-1, gpt-5, Chinese glosses)",/accounts/public_content/325/,151,PAGE,3,How accurate are the translations?,6,5
12,Ed Sci Exp 1 Teacher Chinese,136,2025-09-02T03:05:33.714233+00:00,138,chunying,325,"EFL Adaptation 2 (gpt-image-1, gpt-5, Chinese glosses)",/accounts/public_content/325/,151,PAGE,3,How accurate are the translations?,7,4
12,Ed Sci Exp 1 Teacher Chinese,136,2025-09-02T03:05:33.714233+00:00,138,chunying,325,"EFL Adaptation 2 (gpt-image-1, gpt-5, Chinese glosses)",/accounts/public_content/325/,151,PAGE,3,How accurate are the translations?,8,5
12,Ed Sci Exp 1 Teacher Chinese,136,2025-09-02T03:05:33.714233+00:00,138,chunying,325,"EFL Adaptation 2 (gpt-image-1, gpt-5, Chinese glosses)",/accounts/public_content/325/,151,PAGE,3,How accurate are the translations?,9,5
12,Ed Sci Exp 1 Teacher Chinese,136,2025-09-02T03:05:33.714233+00:00,138,chunying,325,"EFL Adaptation 2 (gpt-image-1, gpt-5, Chinese glosses)",/accounts/public_content/325/,151,PAGE,3,How accurate are the translations?,10,5
12,Ed Sci Exp 1 Teacher Chinese,136,2025-09-02T03:05:33.714233+00:00,138,chunying,325,"EFL Adaptation 2 (gpt-image-1, gpt-5, Chinese glosses)",/accounts/public_content/325/,151,PAGE,3,How accurate are the translations?,11,5
12,Ed Sci Exp 1 Teacher Chinese,136,2025-09-02T03:05:33.714233+00:00,138,chunying,325,"EFL Adaptation 2 (gpt-image-1, gpt-5, Chinese glosses)",/accounts/public_content/325/,151,PAGE,3,How accurate are the translations?,12,5
12,Ed Sci Exp 1 Teacher Chinese,136,2025-09-02T03:05:33.714233+00:00,138,chunying,325,"EFL Adaptation 2 (gpt-image-1, gpt-5, Chinese glosses)",/accounts/public_content/325/,151,PAGE,3,How accurate are the translations?,13,4
12,Ed Sci Exp 1 Teacher Chinese,136,2025-09-02T03:05:33.714233+00:00,138,chunying,325,"EFL Adaptation 2 (gpt-image-1, gpt-5, Chinese glosses)",/accounts/public_content/325/,151,PAGE,3,How accurate are the translations?,14,5
12,Ed Sci Exp 1 Teacher Chinese,142,2025-09-02T04:00:46.707615+00:00,139,shuai,325,"EFL Adaptation 2 (gpt-image-1, gpt-5, Chinese glosses)",/accounts/public_content/325/,129,BOOK,1,How consistent is the style of the images overall?,,5
12,Ed Sci Exp 1 Teacher Chinese,142,2025-09-02T04:00:46.707615+00:00,139,shuai,325,"EFL Adaptation 2 (gpt-image-1, gpt-5, Chinese glosses)",/accounts/public_content/325/,130,BOOK,2,How consistent is the appearance of the elements overall?,,4
12,Ed Sci Exp 1 Teacher Chinese,142,2025-09-02T04:00:46.707615+00:00,139,shuai,325,"EFL Adaptation 2 (gpt-image-1, gpt-5, Chinese glosses)",/accounts/public_content/325/,131,BOOK,3,How culturally appropriate are the images to the relevant culture?,,4
12,Ed Sci Exp 1 Teacher Chinese,142,2025-09-02T04:00:46.707615+00:00,139,shuai,325,"EFL Adaptation 2 (gpt-image-1, gpt-5, Chinese glosses)",/accounts/public_content/325/,132,BOOK,4,How visually appealing do you find the images overall?,,5
12,Ed Sci Exp 1 Teacher Chinese,142,2025-09-02T04:00:46.707615+00:00,139,shuai,325,"EFL Adaptation 2 (gpt-image-1, gpt-5, Chinese glosses)",/accounts/public_content/325/,149,PAGE,1,How well does the image correspond to the text?,1,5
12,Ed Sci Exp 1 Teacher Chinese,142,2025-09-02T04:00:46.707615+00:00,139,shuai,325,"EFL Adaptation 2 (gpt-image-1, gpt-5, Chinese glosses)",/accounts/public_content/325/,149,PAGE,1,How well does the image correspond to the text?,2,5
12,Ed Sci Exp 1 Teacher Chinese,142,2025-09-02T04:00:46.707615+00:00,139,shuai,325,"EFL Adaptation 2 (gpt-image-1, gpt-5, Chinese glosses)",/accounts/public_content/325/,149,PAGE,1,How well does the image correspond to the text?,3,5
12,Ed Sci Exp 1 Teacher Chinese,142,2025-09-02T04:00:46.707615+00:00,139,shuai,325,"EFL Adaptation 2 (gpt-image-1, gpt-5, Chinese glosses)",/accounts/public_content/325/,149,PAGE,1,How well does the image correspond to the text?,4,5
12,Ed Sci Exp 1 Teacher Chinese,142,2025-09-02T04:00:46.707615+00:00,139,shuai,325,"EFL Adaptation 2 (gpt-image-1, gpt-5, Chinese glosses)",/accounts/public_content/325/,149,PAGE,1,How well does the image correspond to the text?,5,5
12,Ed Sci Exp 1 Teacher Chinese,142,2025-09-02T04:00:46.707615+00:00,139,shuai,325,"EFL Adaptation 2 (gpt-image-1, gpt-5, Chinese glosses)",/accounts/public_content/325/,149,PAGE,1,How well does the image correspond to the text?,6,5
12,Ed Sci Exp 1 Teacher Chinese,142,2025-09-02T04:00:46.707615+00:00,139,shuai,325,"EFL Adaptation 2 (gpt-image-1, gpt-5, Chinese glosses)",/accounts/public_content/325/,149,PAGE,1,How well does the image correspond to the text?,7,5
12,Ed Sci Exp 1 Teacher Chinese,142,2025-09-02T04:00:46.707615+00:00,139,shuai,325,"EFL Adaptation 2 (gpt-image-1, gpt-5, Chinese glosses)",/accounts/public_content/325/,149,PAGE,1,How well does the image correspond to the text?,8,5
12,Ed Sci Exp 1 Teacher Chinese,142,2025-09-02T04:00:46.707615+00:00,139,shuai,325,"EFL Adaptation 2 (gpt-image-1, gpt-5, Chinese glosses)",/accounts/public_content/325/,149,PAGE,1,How well does the image correspond to the text?,9,5
12,Ed Sci Exp 1 Teacher Chinese,142,2025-09-02T04:00:46.707615+00:00,139,shuai,325,"EFL Adaptation 2 (gpt-image-1, gpt-5, Chinese glosses)",/accounts/public_content/325/,149,PAGE,1,How well does the image correspond to the text?,10,5
12,Ed Sci Exp 1 Teacher Chinese,142,2025-09-02T04:00:46.707615+00:00,139,shuai,325,"EFL Adaptation 2 (gpt-image-1, gpt-5, Chinese glosses)",/accounts/public_content/325/,149,PAGE,1,How well does the image correspond to the text?,11,5
12,Ed Sci Exp 1 Teacher Chinese,142,2025-09-02T04:00:46.707615+00:00,139,shuai,325,"EFL Adaptation 2 (gpt-image-1, gpt-5, Chinese glosses)",/accounts/public_content/325/,149,PAGE,1,How well does the image correspond to the text?,12,5
12,Ed Sci Exp 1 Teacher Chinese,142,2025-09-02T04:00:46.707615+00:00,139,shuai,325,"EFL Adaptation 2 (gpt-image-1, gpt-5, Chinese glosses)",/accounts/public_content/325/,149,PAGE,1,How well does the image correspond to the text?,13,5
12,Ed Sci Exp 1 Teacher Chinese,142,2025-09-02T04:00:46.707615+00:00,139,shuai,325,"EFL Adaptation 2 (gpt-image-1, gpt-5, Chinese glosses)",/accounts/public_content/325/,149,PAGE,1,How well does the image correspond to the text?,14,5
12,Ed Sci Exp 1 Teacher Chinese,142,2025-09-02T04:00:46.707615+00:00,139,shuai,325,"EFL Adaptation 2 (gpt-image-1, gpt-5, Chinese glosses)",/accounts/public_content/325/,150,PAGE,2,How accurate are the glosses?,1,5
12,Ed Sci Exp 1 Teacher Chinese,142,2025-09-02T04:00:46.707615+00:00,139,shuai,325,"EFL Adaptation 2 (gpt-image-1, gpt-5, Chinese glosses)",/accounts/public_content/325/,150,PAGE,2,How accurate are the glosses?,2,4
12,Ed Sci Exp 1 Teacher Chinese,142,2025-09-02T04:00:46.707615+00:00,139,shuai,325,"EFL Adaptation 2 (gpt-image-1, gpt-5, Chinese glosses)",/accounts/public_content/325/,150,PAGE,2,How accurate are the glosses?,3,5
12,Ed Sci Exp 1 Teacher Chinese,142,2025-09-02T04:00:46.707615+00:00,139,shuai,325,"EFL Adaptation 2 (gpt-image-1, gpt-5, Chinese glosses)",/accounts/public_content/325/,150,PAGE,2,How accurate are the glosses?,4,4
12,Ed Sci Exp 1 Teacher Chinese,142,2025-09-02T04:00:46.707615+00:00,139,shuai,325,"EFL Adaptation 2 (gpt-image-1, gpt-5, Chinese glosses)",/accounts/public_content/325/,150,PAGE,2,How accurate are the glosses?,5,5
12,Ed Sci Exp 1 Teacher Chinese,142,2025-09-02T04:00:46.707615+00:00,139,shuai,325,"EFL Adaptation 2 (gpt-image-1, gpt-5, Chinese glosses)",/accounts/public_content/325/,150,PAGE,2,How accurate are the glosses?,6,5
12,Ed Sci Exp 1 Teacher Chinese,142,2025-09-02T04:00:46.707615+00:00,139,shuai,325,"EFL Adaptation 2 (gpt-image-1, gpt-5, Chinese glosses)",/accounts/public_content/325/,150,PAGE,2,How accurate are the glosses?,7,5
12,Ed Sci Exp 1 Teacher Chinese,142,2025-09-02T04:00:46.707615+00:00,139,shuai,325,"EFL Adaptation 2 (gpt-image-1, gpt-5, Chinese glosses)",/accounts/public_content/325/,150,PAGE,2,How accurate are the glosses?,8,4
12,Ed Sci Exp 1 Teacher Chinese,142,2025-09-02T04:00:46.707615+00:00,139,shuai,325,"EFL Adaptation 2 (gpt-image-1, gpt-5, Chinese glosses)",/accounts/public_content/325/,150,PAGE,2,How accurate are the glosses?,9,5
12,Ed Sci Exp 1 Teacher Chinese,142,2025-09-02T04:00:46.707615+00:00,139,shuai,325,"EFL Adaptation 2 (gpt-image-1, gpt-5, Chinese glosses)",/accounts/public_content/325/,150,PAGE,2,How accurate are the glosses?,10,4
12,Ed Sci Exp 1 Teacher Chinese,142,2025-09-02T04:00:46.707615+00:00,139,shuai,325,"EFL Adaptation 2 (gpt-image-1, gpt-5, Chinese glosses)",/accounts/public_content/325/,150,PAGE,2,How accurate are the glosses?,11,5
12,Ed Sci Exp 1 Teacher Chinese,142,2025-09-02T04:00:46.707615+00:00,139,shuai,325,"EFL Adaptation 2 (gpt-image-1, gpt-5, Chinese glosses)",/accounts/public_content/325/,150,PAGE,2,How accurate are the glosses?,12,4
12,Ed Sci Exp 1 Teacher Chinese,142,2025-09-02T04:00:46.707615+00:00,139,shuai,325,"EFL Adaptation 2 (gpt-image-1, gpt-5, Chinese glosses)",/accounts/public_content/325/,150,PAGE,2,How accurate are the glosses?,13,5
12,Ed Sci Exp 1 Teacher Chinese,142,2025-09-02T04:00:46.707615+00:00,139,shuai,325,"EFL Adaptation 2 (gpt-image-1, gpt-5, Chinese glosses)",/accounts/public_content/325/,150,PAGE,2,How accurate are the glosses?,14,5
12,Ed Sci Exp 1 Teacher Chinese,142,2025-09-02T04:00:46.707615+00:00,139,shuai,325,"EFL Adaptation 2 (gpt-image-1, gpt-5, Chinese glosses)",/accounts/public_content/325/,151,PAGE,3,How accurate are the translations?,1,5
12,Ed Sci Exp 1 Teacher Chinese,142,2025-09-02T04:00:46.707615+00:00,139,shuai,325,"EFL Adaptation 2 (gpt-image-1, gpt-5, Chinese glosses)",/accounts/public_content/325/,151,PAGE,3,How accurate are the translations?,2,5
12,Ed Sci Exp 1 Teacher Chinese,142,2025-09-02T04:00:46.707615+00:00,139,shuai,325,"EFL Adaptation 2 (gpt-image-1, gpt-5, Chinese glosses)",/accounts/public_content/325/,151,PAGE,3,How accurate are the translations?,3,5
12,Ed Sci Exp 1 Teacher Chinese,142,2025-09-02T04:00:46.707615+00:00,139,shuai,325,"EFL Adaptation 2 (gpt-image-1, gpt-5, Chinese glosses)",/accounts/public_content/325/,151,PAGE,3,How accurate are the translations?,4,5
12,Ed Sci Exp 1 Teacher Chinese,142,2025-09-02T04:00:46.707615+00:00,139,shuai,325,"EFL Adaptation 2 (gpt-image-1, gpt-5, Chinese glosses)",/accounts/public_content/325/,151,PAGE,3,How accurate are the translations?,5,4
12,Ed Sci Exp 1 Teacher Chinese,142,2025-09-02T04:00:46.707615+00:00,139,shuai,325,"EFL Adaptation 2 (gpt-image-1, gpt-5, Chinese glosses)",/accounts/public_content/325/,151,PAGE,3,How accurate are the translations?,6,4
12,Ed Sci Exp 1 Teacher Chinese,142,2025-09-02T04:00:46.707615+00:00,139,shuai,325,"EFL Adaptation 2 (gpt-image-1, gpt-5, Chinese glosses)",/accounts/public_content/325/,151,PAGE,3,How accurate are the translations?,7,5
12,Ed Sci Exp 1 Teacher Chinese,142,2025-09-02T04:00:46.707615+00:00,139,shuai,325,"EFL Adaptation 2 (gpt-image-1, gpt-5, Chinese glosses)",/accounts/public_content/325/,151,PAGE,3,How accurate are the translations?,8,5
12,Ed Sci Exp 1 Teacher Chinese,142,2025-09-02T04:00:46.707615+00:00,139,shuai,325,"EFL Adaptation 2 (gpt-image-1, gpt-5, Chinese glosses)",/accounts/public_content/325/,151,PAGE,3,How accurate are the translations?,9,5
12,Ed Sci Exp 1 Teacher Chinese,142,2025-09-02T04:00:46.707615+00:00,139,shuai,325,"EFL Adaptation 2 (gpt-image-1, gpt-5, Chinese glosses)",/accounts/public_content/325/,151,PAGE,3,How accurate are the translations?,10,5
12,Ed Sci Exp 1 Teacher Chinese,142,2025-09-02T04:00:46.707615+00:00,139,shuai,325,"EFL Adaptation 2 (gpt-image-1, gpt-5, Chinese glosses)",/accounts/public_content/325/,151,PAGE,3,How accurate are the translations?,11,5
12,Ed Sci Exp 1 Teacher Chinese,142,2025-09-02T04:00:46.707615+00:00,139,shuai,325,"EFL Adaptation 2 (gpt-image-1, gpt-5, Chinese glosses)",/accounts/public_content/325/,151,PAGE,3,How accurate are the translations?,12,5
12,Ed Sci Exp 1 Teacher Chinese,142,2025-09-02T04:00:46.707615+00:00,139,shuai,325,"EFL Adaptation 2 (gpt-image-1, gpt-5, Chinese glosses)",/accounts/public_content/325/,151,PAGE,3,How accurate are the translations?,13,4
12,Ed Sci Exp 1 Teacher Chinese,142,2025-09-02T04:00:46.707615+00:00,139,shuai,325,"EFL Adaptation 2 (gpt-image-1, gpt-5, Chinese glosses)",/accounts/public_content/325/,151,PAGE,3,How accurate are the translations?,14,4
12,Ed Sci Exp 1 Teacher Chinese,118,2025-08-30T10:45:14.281427+00:00,126,yaochunlin,326,"Secret Agent Samantha Loves Set Expressions (gpt-image-1, gpt-5, Chinese glosses)",/accounts/public_content/326/,129,BOOK,1,How consistent is the style of the images overall?,,5
12,Ed Sci Exp 1 Teacher Chinese,118,2025-08-30T10:45:14.281427+00:00,126,yaochunlin,326,"Secret Agent Samantha Loves Set Expressions (gpt-image-1, gpt-5, Chinese glosses)",/accounts/public_content/326/,130,BOOK,2,How consistent is the appearance of the elements overall?,,4
12,Ed Sci Exp 1 Teacher Chinese,118,2025-08-30T10:45:14.281427+00:00,126,yaochunlin,326,"Secret Agent Samantha Loves Set Expressions (gpt-image-1, gpt-5, Chinese glosses)",/accounts/public_content/326/,131,BOOK,3,How culturally appropriate are the images to the relevant culture?,,4
12,Ed Sci Exp 1 Teacher Chinese,118,2025-08-30T10:45:14.281427+00:00,126,yaochunlin,326,"Secret Agent Samantha Loves Set Expressions (gpt-image-1, gpt-5, Chinese glosses)",/accounts/public_content/326/,132,BOOK,4,How visually appealing do you find the images overall?,,4
12,Ed Sci Exp 1 Teacher Chinese,118,2025-08-30T10:45:14.281427+00:00,126,yaochunlin,326,"Secret Agent Samantha Loves Set Expressions (gpt-image-1, gpt-5, Chinese glosses)",/accounts/public_content/326/,149,PAGE,1,How well does the image correspond to the text?,1,4
12,Ed Sci Exp 1 Teacher Chinese,118,2025-08-30T10:45:14.281427+00:00,126,yaochunlin,326,"Secret Agent Samantha Loves Set Expressions (gpt-image-1, gpt-5, Chinese glosses)",/accounts/public_content/326/,149,PAGE,1,How well does the image correspond to the text?,2,4
12,Ed Sci Exp 1 Teacher Chinese,118,2025-08-30T10:45:14.281427+00:00,126,yaochunlin,326,"Secret Agent Samantha Loves Set Expressions (gpt-image-1, gpt-5, Chinese glosses)",/accounts/public_content/326/,149,PAGE,1,How well does the image correspond to the text?,3,4
12,Ed Sci Exp 1 Teacher Chinese,118,2025-08-30T10:45:14.281427+00:00,126,yaochunlin,326,"Secret Agent Samantha Loves Set Expressions (gpt-image-1, gpt-5, Chinese glosses)",/accounts/public_content/326/,149,PAGE,1,How well does the image correspond to the text?,4,5
12,Ed Sci Exp 1 Teacher Chinese,118,2025-08-30T10:45:14.281427+00:00,126,yaochunlin,326,"Secret Agent Samantha Loves Set Expressions (gpt-image-1, gpt-5, Chinese glosses)",/accounts/public_content/326/,149,PAGE,1,How well does the image correspond to the text?,5,5
12,Ed Sci Exp 1 Teacher Chinese,118,2025-08-30T10:45:14.281427+00:00,126,yaochunlin,326,"Secret Agent Samantha Loves Set Expressions (gpt-image-1, gpt-5, Chinese glosses)",/accounts/public_content/326/,149,PAGE,1,How well does the image correspond to the text?,6,5
12,Ed Sci Exp 1 Teacher Chinese,118,2025-08-30T10:45:14.281427+00:00,126,yaochunlin,326,"Secret Agent Samantha Loves Set Expressions (gpt-image-1, gpt-5, Chinese glosses)",/accounts/public_content/326/,149,PAGE,1,How well does the image correspond to the text?,7,5
12,Ed Sci Exp 1 Teacher Chinese,118,2025-08-30T10:45:14.281427+00:00,126,yaochunlin,326,"Secret Agent Samantha Loves Set Expressions (gpt-image-1, gpt-5, Chinese glosses)",/accounts/public_content/326/,149,PAGE,1,How well does the image correspond to the text?,8,4
12,Ed Sci Exp 1 Teacher Chinese,118,2025-08-30T10:45:14.281427+00:00,126,yaochunlin,326,"Secret Agent Samantha Loves Set Expressions (gpt-image-1, gpt-5, Chinese glosses)",/accounts/public_content/326/,149,PAGE,1,How well does the image correspond to the text?,9,5
12,Ed Sci Exp 1 Teacher Chinese,118,2025-08-30T10:45:14.281427+00:00,126,yaochunlin,326,"Secret Agent Samantha Loves Set Expressions (gpt-image-1, gpt-5, Chinese glosses)",/accounts/public_content/326/,149,PAGE,1,How well does the image correspond to the text?,10,4
12,Ed Sci Exp 1 Teacher Chinese,118,2025-08-30T10:45:14.281427+00:00,126,yaochunlin,326,"Secret Agent Samantha Loves Set Expressions (gpt-image-1, gpt-5, Chinese glosses)",/accounts/public_content/326/,149,PAGE,1,How well does the image correspond to the text?,11,4
12,Ed Sci Exp 1 Teacher Chinese,118,2025-08-30T10:45:14.281427+00:00,126,yaochunlin,326,"Secret Agent Samantha Loves Set Expressions (gpt-image-1, gpt-5, Chinese glosses)",/accounts/public_content/326/,149,PAGE,1,How well does the image correspond to the text?,12,5
12,Ed Sci Exp 1 Teacher Chinese,118,2025-08-30T10:45:14.281427+00:00,126,yaochunlin,326,"Secret Agent Samantha Loves Set Expressions (gpt-image-1, gpt-5, Chinese glosses)",/accounts/public_content/326/,149,PAGE,1,How well does the image correspond to the text?,13,4
12,Ed Sci Exp 1 Teacher Chinese,118,2025-08-30T10:45:14.281427+00:00,126,yaochunlin,326,"Secret Agent Samantha Loves Set Expressions (gpt-image-1, gpt-5, Chinese glosses)",/accounts/public_content/326/,149,PAGE,1,How well does the image correspond to the text?,14,4
12,Ed Sci Exp 1 Teacher Chinese,118,2025-08-30T10:45:14.281427+00:00,126,yaochunlin,326,"Secret Agent Samantha Loves Set Expressions (gpt-image-1, gpt-5, Chinese glosses)",/accounts/public_content/326/,149,PAGE,1,How well does the image correspond to the text?,15,4
12,Ed Sci Exp 1 Teacher Chinese,118,2025-08-30T10:45:14.281427+00:00,126,yaochunlin,326,"Secret Agent Samantha Loves Set Expressions (gpt-image-1, gpt-5, Chinese glosses)",/accounts/public_content/326/,149,PAGE,1,How well does the image correspond to the text?,16,4
12,Ed Sci Exp 1 Teacher Chinese,118,2025-08-30T10:45:14.281427+00:00,126,yaochunlin,326,"Secret Agent Samantha Loves Set Expressions (gpt-image-1, gpt-5, Chinese glosses)",/accounts/public_content/326/,149,PAGE,1,How well does the image correspond to the text?,17,5
12,Ed Sci Exp 1 Teacher Chinese,118,2025-08-30T10:45:14.281427+00:00,126,yaochunlin,326,"Secret Agent Samantha Loves Set Expressions (gpt-image-1, gpt-5, Chinese glosses)",/accounts/public_content/326/,149,PAGE,1,How well does the image correspond to the text?,18,4
12,Ed Sci Exp 1 Teacher Chinese,118,2025-08-30T10:45:14.281427+00:00,126,yaochunlin,326,"Secret Agent Samantha Loves Set Expressions (gpt-image-1, gpt-5, Chinese glosses)",/accounts/public_content/326/,149,PAGE,1,How well does the image correspond to the text?,19,5
12,Ed Sci Exp 1 Teacher Chinese,118,2025-08-30T10:45:14.281427+00:00,126,yaochunlin,326,"Secret Agent Samantha Loves Set Expressions (gpt-image-1, gpt-5, Chinese glosses)",/accounts/public_content/326/,149,PAGE,1,How well does the image correspond to the text?,20,4
12,Ed Sci Exp 1 Teacher Chinese,118,2025-08-30T10:45:14.281427+00:00,126,yaochunlin,326,"Secret Agent Samantha Loves Set Expressions (gpt-image-1, gpt-5, Chinese glosses)",/accounts/public_content/326/,149,PAGE,1,How well does the image correspond to the text?,21,5
12,Ed Sci Exp 1 Teacher Chinese,118,2025-08-30T10:45:14.281427+00:00,126,yaochunlin,326,"Secret Agent Samantha Loves Set Expressions (gpt-image-1, gpt-5, Chinese glosses)",/accounts/public_content/326/,150,PAGE,2,How accurate are the glosses?,1,5
12,Ed Sci Exp 1 Teacher Chinese,118,2025-08-30T10:45:14.281427+00:00,126,yaochunlin,326,"Secret Agent Samantha Loves Set Expressions (gpt-image-1, gpt-5, Chinese glosses)",/accounts/public_content/326/,150,PAGE,2,How accurate are the glosses?,2,5
12,Ed Sci Exp 1 Teacher Chinese,118,2025-08-30T10:45:14.281427+00:00,126,yaochunlin,326,"Secret Agent Samantha Loves Set Expressions (gpt-image-1, gpt-5, Chinese glosses)",/accounts/public_content/326/,150,PAGE,2,How accurate are the glosses?,3,5
12,Ed Sci Exp 1 Teacher Chinese,118,2025-08-30T10:45:14.281427+00:00,126,yaochunlin,326,"Secret Agent Samantha Loves Set Expressions (gpt-image-1, gpt-5, Chinese glosses)",/accounts/public_content/326/,150,PAGE,2,How accurate are the glosses?,4,5
12,Ed Sci Exp 1 Teacher Chinese,118,2025-08-30T10:45:14.281427+00:00,126,yaochunlin,326,"Secret Agent Samantha Loves Set Expressions (gpt-image-1, gpt-5, Chinese glosses)",/accounts/public_content/326/,150,PAGE,2,How accurate are the glosses?,5,5
12,Ed Sci Exp 1 Teacher Chinese,118,2025-08-30T10:45:14.281427+00:00,126,yaochunlin,326,"Secret Agent Samantha Loves Set Expressions (gpt-image-1, gpt-5, Chinese glosses)",/accounts/public_content/326/,150,PAGE,2,How accurate are the glosses?,6,4
12,Ed Sci Exp 1 Teacher Chinese,118,2025-08-30T10:45:14.281427+00:00,126,yaochunlin,326,"Secret Agent Samantha Loves Set Expressions (gpt-image-1, gpt-5, Chinese glosses)",/accounts/public_content/326/,150,PAGE,2,How accurate are the glosses?,7,5
12,Ed Sci Exp 1 Teacher Chinese,118,2025-08-30T10:45:14.281427+00:00,126,yaochunlin,326,"Secret Agent Samantha Loves Set Expressions (gpt-image-1, gpt-5, Chinese glosses)",/accounts/public_content/326/,150,PAGE,2,How accurate are the glosses?,8,4
12,Ed Sci Exp 1 Teacher Chinese,118,2025-08-30T10:45:14.281427+00:00,126,yaochunlin,326,"Secret Agent Samantha Loves Set Expressions (gpt-image-1, gpt-5, Chinese glosses)",/accounts/public_content/326/,150,PAGE,2,How accurate are the glosses?,9,4
12,Ed Sci Exp 1 Teacher Chinese,118,2025-08-30T10:45:14.281427+00:00,126,yaochunlin,326,"Secret Agent Samantha Loves Set Expressions (gpt-image-1, gpt-5, Chinese glosses)",/accounts/public_content/326/,150,PAGE,2,How accurate are the glosses?,10,4
12,Ed Sci Exp 1 Teacher Chinese,118,2025-08-30T10:45:14.281427+00:00,126,yaochunlin,326,"Secret Agent Samantha Loves Set Expressions (gpt-image-1, gpt-5, Chinese glosses)",/accounts/public_content/326/,150,PAGE,2,How accurate are the glosses?,11,4
12,Ed Sci Exp 1 Teacher Chinese,118,2025-08-30T10:45:14.281427+00:00,126,yaochunlin,326,"Secret Agent Samantha Loves Set Expressions (gpt-image-1, gpt-5, Chinese glosses)",/accounts/public_content/326/,150,PAGE,2,How accurate are the glosses?,12,4
12,Ed Sci Exp 1 Teacher Chinese,118,2025-08-30T10:45:14.281427+00:00,126,yaochunlin,326,"Secret Agent Samantha Loves Set Expressions (gpt-image-1, gpt-5, Chinese glosses)",/accounts/public_content/326/,150,PAGE,2,How accurate are the glosses?,13,5
12,Ed Sci Exp 1 Teacher Chinese,118,2025-08-30T10:45:14.281427+00:00,126,yaochunlin,326,"Secret Agent Samantha Loves Set Expressions (gpt-image-1, gpt-5, Chinese glosses)",/accounts/public_content/326/,150,PAGE,2,How accurate are the glosses?,14,5
12,Ed Sci Exp 1 Teacher Chinese,118,2025-08-30T10:45:14.281427+00:00,126,yaochunlin,326,"Secret Agent Samantha Loves Set Expressions (gpt-image-1, gpt-5, Chinese glosses)",/accounts/public_content/326/,150,PAGE,2,How accurate are the glosses?,15,4
12,Ed Sci Exp 1 Teacher Chinese,118,2025-08-30T10:45:14.281427+00:00,126,yaochunlin,326,"Secret Agent Samantha Loves Set Expressions (gpt-image-1, gpt-5, Chinese glosses)",/accounts/public_content/326/,150,PAGE,2,How accurate are the glosses?,16,4
12,Ed Sci Exp 1 Teacher Chinese,118,2025-08-30T10:45:14.281427+00:00,126,yaochunlin,326,"Secret Agent Samantha Loves Set Expressions (gpt-image-1, gpt-5, Chinese glosses)",/accounts/public_content/326/,150,PAGE,2,How accurate are the glosses?,17,5
12,Ed Sci Exp 1 Teacher Chinese,118,2025-08-30T10:45:14.281427+00:00,126,yaochunlin,326,"Secret Agent Samantha Loves Set Expressions (gpt-image-1, gpt-5, Chinese glosses)",/accounts/public_content/326/,150,PAGE,2,How accurate are the glosses?,18,4
12,Ed Sci Exp 1 Teacher Chinese,118,2025-08-30T10:45:14.281427+00:00,126,yaochunlin,326,"Secret Agent Samantha Loves Set Expressions (gpt-image-1, gpt-5, Chinese glosses)",/accounts/public_content/326/,150,PAGE,2,How accurate are the glosses?,19,5
12,Ed Sci Exp 1 Teacher Chinese,118,2025-08-30T10:45:14.281427+00:00,126,yaochunlin,326,"Secret Agent Samantha Loves Set Expressions (gpt-image-1, gpt-5, Chinese glosses)",/accounts/public_content/326/,150,PAGE,2,How accurate are the glosses?,20,4
12,Ed Sci Exp 1 Teacher Chinese,118,2025-08-30T10:45:14.281427+00:00,126,yaochunlin,326,"Secret Agent Samantha Loves Set Expressions (gpt-image-1, gpt-5, Chinese glosses)",/accounts/public_content/326/,150,PAGE,2,How accurate are the glosses?,21,4
12,Ed Sci Exp 1 Teacher Chinese,118,2025-08-30T10:45:14.281427+00:00,126,yaochunlin,326,"Secret Agent Samantha Loves Set Expressions (gpt-image-1, gpt-5, Chinese glosses)",/accounts/public_content/326/,151,PAGE,3,How accurate are the translations?,1,5
12,Ed Sci Exp 1 Teacher Chinese,118,2025-08-30T10:45:14.281427+00:00,126,yaochunlin,326,"Secret Agent Samantha Loves Set Expressions (gpt-image-1, gpt-5, Chinese glosses)",/accounts/public_content/326/,151,PAGE,3,How accurate are the translations?,2,4
12,Ed Sci Exp 1 Teacher Chinese,118,2025-08-30T10:45:14.281427+00:00,126,yaochunlin,326,"Secret Agent Samantha Loves Set Expressions (gpt-image-1, gpt-5, Chinese glosses)",/accounts/public_content/326/,151,PAGE,3,How accurate are the translations?,3,4
12,Ed Sci Exp 1 Teacher Chinese,118,2025-08-30T10:45:14.281427+00:00,126,yaochunlin,326,"Secret Agent Samantha Loves Set Expressions (gpt-image-1, gpt-5, Chinese glosses)",/accounts/public_content/326/,151,PAGE,3,How accurate are the translations?,4,4
12,Ed Sci Exp 1 Teacher Chinese,118,2025-08-30T10:45:14.281427+00:00,126,yaochunlin,326,"Secret Agent Samantha Loves Set Expressions (gpt-image-1, gpt-5, Chinese glosses)",/accounts/public_content/326/,151,PAGE,3,How accurate are the translations?,5,4
12,Ed Sci Exp 1 Teacher Chinese,118,2025-08-30T10:45:14.281427+00:00,126,yaochunlin,326,"Secret Agent Samantha Loves Set Expressions (gpt-image-1, gpt-5, Chinese glosses)",/accounts/public_content/326/,151,PAGE,3,How accurate are the translations?,6,5
12,Ed Sci Exp 1 Teacher Chinese,118,2025-08-30T10:45:14.281427+00:00,126,yaochunlin,326,"Secret Agent Samantha Loves Set Expressions (gpt-image-1, gpt-5, Chinese glosses)",/accounts/public_content/326/,151,PAGE,3,How accurate are the translations?,7,5
12,Ed Sci Exp 1 Teacher Chinese,118,2025-08-30T10:45:14.281427+00:00,126,yaochunlin,326,"Secret Agent Samantha Loves Set Expressions (gpt-image-1, gpt-5, Chinese glosses)",/accounts/public_content/326/,151,PAGE,3,How accurate are the translations?,8,5
12,Ed Sci Exp 1 Teacher Chinese,118,2025-08-30T10:45:14.281427+00:00,126,yaochunlin,326,"Secret Agent Samantha Loves Set Expressions (gpt-image-1, gpt-5, Chinese glosses)",/accounts/public_content/326/,151,PAGE,3,How accurate are the translations?,9,5
12,Ed Sci Exp 1 Teacher Chinese,118,2025-08-30T10:45:14.281427+00:00,126,yaochunlin,326,"Secret Agent Samantha Loves Set Expressions (gpt-image-1, gpt-5, Chinese glosses)",/accounts/public_content/326/,151,PAGE,3,How accurate are the translations?,10,5
12,Ed Sci Exp 1 Teacher Chinese,118,2025-08-30T10:45:14.281427+00:00,126,yaochunlin,326,"Secret Agent Samantha Loves Set Expressions (gpt-image-1, gpt-5, Chinese glosses)",/accounts/public_content/326/,151,PAGE,3,How accurate are the translations?,11,5
12,Ed Sci Exp 1 Teacher Chinese,118,2025-08-30T10:45:14.281427+00:00,126,yaochunlin,326,"Secret Agent Samantha Loves Set Expressions (gpt-image-1, gpt-5, Chinese glosses)",/accounts/public_content/326/,151,PAGE,3,How accurate are the translations?,12,5
12,Ed Sci Exp 1 Teacher Chinese,118,2025-08-30T10:45:14.281427+00:00,126,yaochunlin,326,"Secret Agent Samantha Loves Set Expressions (gpt-image-1, gpt-5, Chinese glosses)",/accounts/public_content/326/,151,PAGE,3,How accurate are the translations?,13,5
12,Ed Sci Exp 1 Teacher Chinese,118,2025-08-30T10:45:14.281427+00:00,126,yaochunlin,326,"Secret Agent Samantha Loves Set Expressions (gpt-image-1, gpt-5, Chinese glosses)",/accounts/public_content/326/,151,PAGE,3,How accurate are the translations?,14,5
12,Ed Sci Exp 1 Teacher Chinese,118,2025-08-30T10:45:14.281427+00:00,126,yaochunlin,326,"Secret Agent Samantha Loves Set Expressions (gpt-image-1, gpt-5, Chinese glosses)",/accounts/public_content/326/,151,PAGE,3,How accurate are the translations?,15,5
12,Ed Sci Exp 1 Teacher Chinese,118,2025-08-30T10:45:14.281427+00:00,126,yaochunlin,326,"Secret Agent Samantha Loves Set Expressions (gpt-image-1, gpt-5, Chinese glosses)",/accounts/public_content/326/,151,PAGE,3,How accurate are the translations?,16,4
12,Ed Sci Exp 1 Teacher Chinese,118,2025-08-30T10:45:14.281427+00:00,126,yaochunlin,326,"Secret Agent Samantha Loves Set Expressions (gpt-image-1, gpt-5, Chinese glosses)",/accounts/public_content/326/,151,PAGE,3,How accurate are the translations?,17,5
12,Ed Sci Exp 1 Teacher Chinese,118,2025-08-30T10:45:14.281427+00:00,126,yaochunlin,326,"Secret Agent Samantha Loves Set Expressions (gpt-image-1, gpt-5, Chinese glosses)",/accounts/public_content/326/,151,PAGE,3,How accurate are the translations?,18,4
12,Ed Sci Exp 1 Teacher Chinese,118,2025-08-30T10:45:14.281427+00:00,126,yaochunlin,326,"Secret Agent Samantha Loves Set Expressions (gpt-image-1, gpt-5, Chinese glosses)",/accounts/public_content/326/,151,PAGE,3,How accurate are the translations?,19,4
12,Ed Sci Exp 1 Teacher Chinese,118,2025-08-30T10:45:14.281427+00:00,126,yaochunlin,326,"Secret Agent Samantha Loves Set Expressions (gpt-image-1, gpt-5, Chinese glosses)",/accounts/public_content/326/,151,PAGE,3,How accurate are the translations?,20,5
12,Ed Sci Exp 1 Teacher Chinese,118,2025-08-30T10:45:14.281427+00:00,126,yaochunlin,326,"Secret Agent Samantha Loves Set Expressions (gpt-image-1, gpt-5, Chinese glosses)",/accounts/public_content/326/,151,PAGE,3,How accurate are the translations?,21,4
12,Ed Sci Exp 1 Teacher Chinese,125,2025-09-02T02:03:19.100852+00:00,136,zhangyan,326,"Secret Agent Samantha Loves Set Expressions (gpt-image-1, gpt-5, Chinese glosses)",/accounts/public_content/326/,129,BOOK,1,How consistent is the style of the images overall?,,5
12,Ed Sci Exp 1 Teacher Chinese,125,2025-09-02T02:03:19.100852+00:00,136,zhangyan,326,"Secret Agent Samantha Loves Set Expressions (gpt-image-1, gpt-5, Chinese glosses)",/accounts/public_content/326/,130,BOOK,2,How consistent is the appearance of the elements overall?,,4
12,Ed Sci Exp 1 Teacher Chinese,125,2025-09-02T02:03:19.100852+00:00,136,zhangyan,326,"Secret Agent Samantha Loves Set Expressions (gpt-image-1, gpt-5, Chinese glosses)",/accounts/public_content/326/,131,BOOK,3,How culturally appropriate are the images to the relevant culture?,,4
12,Ed Sci Exp 1 Teacher Chinese,125,2025-09-02T02:03:19.100852+00:00,136,zhangyan,326,"Secret Agent Samantha Loves Set Expressions (gpt-image-1, gpt-5, Chinese glosses)",/accounts/public_content/326/,132,BOOK,4,How visually appealing do you find the images overall?,,5
12,Ed Sci Exp 1 Teacher Chinese,125,2025-09-02T02:03:19.100852+00:00,136,zhangyan,326,"Secret Agent Samantha Loves Set Expressions (gpt-image-1, gpt-5, Chinese glosses)",/accounts/public_content/326/,149,PAGE,1,How well does the image correspond to the text?,1,4
12,Ed Sci Exp 1 Teacher Chinese,125,2025-09-02T02:03:19.100852+00:00,136,zhangyan,326,"Secret Agent Samantha Loves Set Expressions (gpt-image-1, gpt-5, Chinese glosses)",/accounts/public_content/326/,149,PAGE,1,How well does the image correspond to the text?,2,4
12,Ed Sci Exp 1 Teacher Chinese,125,2025-09-02T02:03:19.100852+00:00,136,zhangyan,326,"Secret Agent Samantha Loves Set Expressions (gpt-image-1, gpt-5, Chinese glosses)",/accounts/public_content/326/,149,PAGE,1,How well does the image correspond to the text?,3,4
12,Ed Sci Exp 1 Teacher Chinese,125,2025-09-02T02:03:19.100852+00:00,136,zhangyan,326,"Secret Agent Samantha Loves Set Expressions (gpt-image-1, gpt-5, Chinese glosses)",/accounts/public_content/326/,149,PAGE,1,How well does the image correspond to the text?,4,4
12,Ed Sci Exp 1 Teacher Chinese,125,2025-09-02T02:03:19.100852+00:00,136,zhangyan,326,"Secret Agent Samantha Loves Set Expressions (gpt-image-1, gpt-5, Chinese glosses)",/accounts/public_content/326/,149,PAGE,1,How well does the image correspond to the text?,5,4
12,Ed Sci Exp 1 Teacher Chinese,125,2025-09-02T02:03:19.100852+00:00,136,zhangyan,326,"Secret Agent Samantha Loves Set Expressions (gpt-image-1, gpt-5, Chinese glosses)",/accounts/public_content/326/,149,PAGE,1,How well does the image correspond to the text?,6,5
12,Ed Sci Exp 1 Teacher Chinese,125,2025-09-02T02:03:19.100852+00:00,136,zhangyan,326,"Secret Agent Samantha Loves Set Expressions (gpt-image-1, gpt-5, Chinese glosses)",/accounts/public_content/326/,149,PAGE,1,How well does the image correspond to the text?,7,5
12,Ed Sci Exp 1 Teacher Chinese,125,2025-09-02T02:03:19.100852+00:00,136,zhangyan,326,"Secret Agent Samantha Loves Set Expressions (gpt-image-1, gpt-5, Chinese glosses)",/accounts/public_content/326/,149,PAGE,1,How well does the image correspond to the text?,8,4
12,Ed Sci Exp 1 Teacher Chinese,125,2025-09-02T02:03:19.100852+00:00,136,zhangyan,326,"Secret Agent Samantha Loves Set Expressions (gpt-image-1, gpt-5, Chinese glosses)",/accounts/public_content/326/,149,PAGE,1,How well does the image correspond to the text?,9,5
12,Ed Sci Exp 1 Teacher Chinese,125,2025-09-02T02:03:19.100852+00:00,136,zhangyan,326,"Secret Agent Samantha Loves Set Expressions (gpt-image-1, gpt-5, Chinese glosses)",/accounts/public_content/326/,149,PAGE,1,How well does the image correspond to the text?,10,4
12,Ed Sci Exp 1 Teacher Chinese,125,2025-09-02T02:03:19.100852+00:00,136,zhangyan,326,"Secret Agent Samantha Loves Set Expressions (gpt-image-1, gpt-5, Chinese glosses)",/accounts/public_content/326/,149,PAGE,1,How well does the image correspond to the text?,11,5
12,Ed Sci Exp 1 Teacher Chinese,125,2025-09-02T02:03:19.100852+00:00,136,zhangyan,326,"Secret Agent Samantha Loves Set Expressions (gpt-image-1, gpt-5, Chinese glosses)",/accounts/public_content/326/,149,PAGE,1,How well does the image correspond to the text?,12,4
12,Ed Sci Exp 1 Teacher Chinese,125,2025-09-02T02:03:19.100852+00:00,136,zhangyan,326,"Secret Agent Samantha Loves Set Expressions (gpt-image-1, gpt-5, Chinese glosses)",/accounts/public_content/326/,149,PAGE,1,How well does the image correspond to the text?,13,4
12,Ed Sci Exp 1 Teacher Chinese,125,2025-09-02T02:03:19.100852+00:00,136,zhangyan,326,"Secret Agent Samantha Loves Set Expressions (gpt-image-1, gpt-5, Chinese glosses)",/accounts/public_content/326/,149,PAGE,1,How well does the image correspond to the text?,14,4
12,Ed Sci Exp 1 Teacher Chinese,125,2025-09-02T02:03:19.100852+00:00,136,zhangyan,326,"Secret Agent Samantha Loves Set Expressions (gpt-image-1, gpt-5, Chinese glosses)",/accounts/public_content/326/,149,PAGE,1,How well does the image correspond to the text?,15,4
12,Ed Sci Exp 1 Teacher Chinese,125,2025-09-02T02:03:19.100852+00:00,136,zhangyan,326,"Secret Agent Samantha Loves Set Expressions (gpt-image-1, gpt-5, Chinese glosses)",/accounts/public_content/326/,149,PAGE,1,How well does the image correspond to the text?,16,5
12,Ed Sci Exp 1 Teacher Chinese,125,2025-09-02T02:03:19.100852+00:00,136,zhangyan,326,"Secret Agent Samantha Loves Set Expressions (gpt-image-1, gpt-5, Chinese glosses)",/accounts/public_content/326/,149,PAGE,1,How well does the image correspond to the text?,17,4
12,Ed Sci Exp 1 Teacher Chinese,125,2025-09-02T02:03:19.100852+00:00,136,zhangyan,326,"Secret Agent Samantha Loves Set Expressions (gpt-image-1, gpt-5, Chinese glosses)",/accounts/public_content/326/,149,PAGE,1,How well does the image correspond to the text?,18,5
12,Ed Sci Exp 1 Teacher Chinese,125,2025-09-02T02:03:19.100852+00:00,136,zhangyan,326,"Secret Agent Samantha Loves Set Expressions (gpt-image-1, gpt-5, Chinese glosses)",/accounts/public_content/326/,149,PAGE,1,How well does the image correspond to the text?,19,5
12,Ed Sci Exp 1 Teacher Chinese,125,2025-09-02T02:03:19.100852+00:00,136,zhangyan,326,"Secret Agent Samantha Loves Set Expressions (gpt-image-1, gpt-5, Chinese glosses)",/accounts/public_content/326/,149,PAGE,1,How well does the image correspond to the text?,20,4
12,Ed Sci Exp 1 Teacher Chinese,125,2025-09-02T02:03:19.100852+00:00,136,zhangyan,326,"Secret Agent Samantha Loves Set Expressions (gpt-image-1, gpt-5, Chinese glosses)",/accounts/public_content/326/,149,PAGE,1,How well does the image correspond to the text?,21,4
12,Ed Sci Exp 1 Teacher Chinese,125,2025-09-02T02:03:19.100852+00:00,136,zhangyan,326,"Secret Agent Samantha Loves Set Expressions (gpt-image-1, gpt-5, Chinese glosses)",/accounts/public_content/326/,150,PAGE,2,How accurate are the glosses?,1,5
12,Ed Sci Exp 1 Teacher Chinese,125,2025-09-02T02:03:19.100852+00:00,136,zhangyan,326,"Secret Agent Samantha Loves Set Expressions (gpt-image-1, gpt-5, Chinese glosses)",/accounts/public_content/326/,150,PAGE,2,How accurate are the glosses?,2,4
12,Ed Sci Exp 1 Teacher Chinese,125,2025-09-02T02:03:19.100852+00:00,136,zhangyan,326,"Secret Agent Samantha Loves Set Expressions (gpt-image-1, gpt-5, Chinese glosses)",/accounts/public_content/326/,150,PAGE,2,How accurate are the glosses?,3,5
12,Ed Sci Exp 1 Teacher Chinese,125,2025-09-02T02:03:19.100852+00:00,136,zhangyan,326,"Secret Agent Samantha Loves Set Expressions (gpt-image-1, gpt-5, Chinese glosses)",/accounts/public_content/326/,150,PAGE,2,How accurate are the glosses?,4,5
12,Ed Sci Exp 1 Teacher Chinese,125,2025-09-02T02:03:19.100852+00:00,136,zhangyan,326,"Secret Agent Samantha Loves Set Expressions (gpt-image-1, gpt-5, Chinese glosses)",/accounts/public_content/326/,150,PAGE,2,How accurate are the glosses?,5,5
12,Ed Sci Exp 1 Teacher Chinese,125,2025-09-02T02:03:19.100852+00:00,136,zhangyan,326,"Secret Agent Samantha Loves Set Expressions (gpt-image-1, gpt-5, Chinese glosses)",/accounts/public_content/326/,150,PAGE,2,How accurate are the glosses?,6,4
12,Ed Sci Exp 1 Teacher Chinese,125,2025-09-02T02:03:19.100852+00:00,136,zhangyan,326,"Secret Agent Samantha Loves Set Expressions (gpt-image-1, gpt-5, Chinese glosses)",/accounts/public_content/326/,150,PAGE,2,How accurate are the glosses?,7,5
12,Ed Sci Exp 1 Teacher Chinese,125,2025-09-02T02:03:19.100852+00:00,136,zhangyan,326,"Secret Agent Samantha Loves Set Expressions (gpt-image-1, gpt-5, Chinese glosses)",/accounts/public_content/326/,150,PAGE,2,How accurate are the glosses?,8,5
12,Ed Sci Exp 1 Teacher Chinese,125,2025-09-02T02:03:19.100852+00:00,136,zhangyan,326,"Secret Agent Samantha Loves Set Expressions (gpt-image-1, gpt-5, Chinese glosses)",/accounts/public_content/326/,150,PAGE,2,How accurate are the glosses?,9,5
12,Ed Sci Exp 1 Teacher Chinese,125,2025-09-02T02:03:19.100852+00:00,136,zhangyan,326,"Secret Agent Samantha Loves Set Expressions (gpt-image-1, gpt-5, Chinese glosses)",/accounts/public_content/326/,150,PAGE,2,How accurate are the glosses?,10,4
12,Ed Sci Exp 1 Teacher Chinese,125,2025-09-02T02:03:19.100852+00:00,136,zhangyan,326,"Secret Agent Samantha Loves Set Expressions (gpt-image-1, gpt-5, Chinese glosses)",/accounts/public_content/326/,150,PAGE,2,How accurate are the glosses?,11,5
12,Ed Sci Exp 1 Teacher Chinese,125,2025-09-02T02:03:19.100852+00:00,136,zhangyan,326,"Secret Agent Samantha Loves Set Expressions (gpt-image-1, gpt-5, Chinese glosses)",/accounts/public_content/326/,150,PAGE,2,How accurate are the glosses?,12,5
12,Ed Sci Exp 1 Teacher Chinese,125,2025-09-02T02:03:19.100852+00:00,136,zhangyan,326,"Secret Agent Samantha Loves Set Expressions (gpt-image-1, gpt-5, Chinese glosses)",/accounts/public_content/326/,150,PAGE,2,How accurate are the glosses?,13,4
12,Ed Sci Exp 1 Teacher Chinese,125,2025-09-02T02:03:19.100852+00:00,136,zhangyan,326,"Secret Agent Samantha Loves Set Expressions (gpt-image-1, gpt-5, Chinese glosses)",/accounts/public_content/326/,150,PAGE,2,How accurate are the glosses?,14,5
12,Ed Sci Exp 1 Teacher Chinese,125,2025-09-02T02:03:19.100852+00:00,136,zhangyan,326,"Secret Agent Samantha Loves Set Expressions (gpt-image-1, gpt-5, Chinese glosses)",/accounts/public_content/326/,150,PAGE,2,How accurate are the glosses?,15,5
12,Ed Sci Exp 1 Teacher Chinese,125,2025-09-02T02:03:19.100852+00:00,136,zhangyan,326,"Secret Agent Samantha Loves Set Expressions (gpt-image-1, gpt-5, Chinese glosses)",/accounts/public_content/326/,150,PAGE,2,How accurate are the glosses?,16,5
12,Ed Sci Exp 1 Teacher Chinese,125,2025-09-02T02:03:19.100852+00:00,136,zhangyan,326,"Secret Agent Samantha Loves Set Expressions (gpt-image-1, gpt-5, Chinese glosses)",/accounts/public_content/326/,150,PAGE,2,How accurate are the glosses?,17,4
12,Ed Sci Exp 1 Teacher Chinese,125,2025-09-02T02:03:19.100852+00:00,136,zhangyan,326,"Secret Agent Samantha Loves Set Expressions (gpt-image-1, gpt-5, Chinese glosses)",/accounts/public_content/326/,150,PAGE,2,How accurate are the glosses?,18,4
12,Ed Sci Exp 1 Teacher Chinese,125,2025-09-02T02:03:19.100852+00:00,136,zhangyan,326,"Secret Agent Samantha Loves Set Expressions (gpt-image-1, gpt-5, Chinese glosses)",/accounts/public_content/326/,150,PAGE,2,How accurate are the glosses?,19,5
12,Ed Sci Exp 1 Teacher Chinese,125,2025-09-02T02:03:19.100852+00:00,136,zhangyan,326,"Secret Agent Samantha Loves Set Expressions (gpt-image-1, gpt-5, Chinese glosses)",/accounts/public_content/326/,150,PAGE,2,How accurate are the glosses?,20,4
12,Ed Sci Exp 1 Teacher Chinese,125,2025-09-02T02:03:19.100852+00:00,136,zhangyan,326,"Secret Agent Samantha Loves Set Expressions (gpt-image-1, gpt-5, Chinese glosses)",/accounts/public_content/326/,150,PAGE,2,How accurate are the glosses?,21,5
12,Ed Sci Exp 1 Teacher Chinese,125,2025-09-02T02:03:19.100852+00:00,136,zhangyan,326,"Secret Agent Samantha Loves Set Expressions (gpt-image-1, gpt-5, Chinese glosses)",/accounts/public_content/326/,151,PAGE,3,How accurate are the translations?,1,5
12,Ed Sci Exp 1 Teacher Chinese,125,2025-09-02T02:03:19.100852+00:00,136,zhangyan,326,"Secret Agent Samantha Loves Set Expressions (gpt-image-1, gpt-5, Chinese glosses)",/accounts/public_content/326/,151,PAGE,3,How accurate are the translations?,2,5
12,Ed Sci Exp 1 Teacher Chinese,125,2025-09-02T02:03:19.100852+00:00,136,zhangyan,326,"Secret Agent Samantha Loves Set Expressions (gpt-image-1, gpt-5, Chinese glosses)",/accounts/public_content/326/,151,PAGE,3,How accurate are the translations?,3,5
12,Ed Sci Exp 1 Teacher Chinese,125,2025-09-02T02:03:19.100852+00:00,136,zhangyan,326,"Secret Agent Samantha Loves Set Expressions (gpt-image-1, gpt-5, Chinese glosses)",/accounts/public_content/326/,151,PAGE,3,How accurate are the translations?,4,4
12,Ed Sci Exp 1 Teacher Chinese,125,2025-09-02T02:03:19.100852+00:00,136,zhangyan,326,"Secret Agent Samantha Loves Set Expressions (gpt-image-1, gpt-5, Chinese glosses)",/accounts/public_content/326/,151,PAGE,3,How accurate are the translations?,5,4
12,Ed Sci Exp 1 Teacher Chinese,125,2025-09-02T02:03:19.100852+00:00,136,zhangyan,326,"Secret Agent Samantha Loves Set Expressions (gpt-image-1, gpt-5, Chinese glosses)",/accounts/public_content/326/,151,PAGE,3,How accurate are the translations?,6,5
12,Ed Sci Exp 1 Teacher Chinese,125,2025-09-02T02:03:19.100852+00:00,136,zhangyan,326,"Secret Agent Samantha Loves Set Expressions (gpt-image-1, gpt-5, Chinese glosses)",/accounts/public_content/326/,151,PAGE,3,How accurate are the translations?,7,5
12,Ed Sci Exp 1 Teacher Chinese,125,2025-09-02T02:03:19.100852+00:00,136,zhangyan,326,"Secret Agent Samantha Loves Set Expressions (gpt-image-1, gpt-5, Chinese glosses)",/accounts/public_content/326/,151,PAGE,3,How accurate are the translations?,8,4
12,Ed Sci Exp 1 Teacher Chinese,125,2025-09-02T02:03:19.100852+00:00,136,zhangyan,326,"Secret Agent Samantha Loves Set Expressions (gpt-image-1, gpt-5, Chinese glosses)",/accounts/public_content/326/,151,PAGE,3,How accurate are the translations?,9,5
12,Ed Sci Exp 1 Teacher Chinese,125,2025-09-02T02:03:19.100852+00:00,136,zhangyan,326,"Secret Agent Samantha Loves Set Expressions (gpt-image-1, gpt-5, Chinese glosses)",/accounts/public_content/326/,151,PAGE,3,How accurate are the translations?,10,5
12,Ed Sci Exp 1 Teacher Chinese,125,2025-09-02T02:03:19.100852+00:00,136,zhangyan,326,"Secret Agent Samantha Loves Set Expressions (gpt-image-1, gpt-5, Chinese glosses)",/accounts/public_content/326/,151,PAGE,3,How accurate are the translations?,11,5
12,Ed Sci Exp 1 Teacher Chinese,125,2025-09-02T02:03:19.100852+00:00,136,zhangyan,326,"Secret Agent Samantha Loves Set Expressions (gpt-image-1, gpt-5, Chinese glosses)",/accounts/public_content/326/,151,PAGE,3,How accurate are the translations?,12,5
12,Ed Sci Exp 1 Teacher Chinese,125,2025-09-02T02:03:19.100852+00:00,136,zhangyan,326,"Secret Agent Samantha Loves Set Expressions (gpt-image-1, gpt-5, Chinese glosses)",/accounts/public_content/326/,151,PAGE,3,How accurate are the translations?,13,5
12,Ed Sci Exp 1 Teacher Chinese,125,2025-09-02T02:03:19.100852+00:00,136,zhangyan,326,"Secret Agent Samantha Loves Set Expressions (gpt-image-1, gpt-5, Chinese glosses)",/accounts/public_content/326/,151,PAGE,3,How accurate are the translations?,14,4
12,Ed Sci Exp 1 Teacher Chinese,125,2025-09-02T02:03:19.100852+00:00,136,zhangyan,326,"Secret Agent Samantha Loves Set Expressions (gpt-image-1, gpt-5, Chinese glosses)",/accounts/public_content/326/,151,PAGE,3,How accurate are the translations?,15,4
12,Ed Sci Exp 1 Teacher Chinese,125,2025-09-02T02:03:19.100852+00:00,136,zhangyan,326,"Secret Agent Samantha Loves Set Expressions (gpt-image-1, gpt-5, Chinese glosses)",/accounts/public_content/326/,151,PAGE,3,How accurate are the translations?,16,5
12,Ed Sci Exp 1 Teacher Chinese,125,2025-09-02T02:03:19.100852+00:00,136,zhangyan,326,"Secret Agent Samantha Loves Set Expressions (gpt-image-1, gpt-5, Chinese glosses)",/accounts/public_content/326/,151,PAGE,3,How accurate are the translations?,17,5
12,Ed Sci Exp 1 Teacher Chinese,125,2025-09-02T02:03:19.100852+00:00,136,zhangyan,326,"Secret Agent Samantha Loves Set Expressions (gpt-image-1, gpt-5, Chinese glosses)",/accounts/public_content/326/,151,PAGE,3,How accurate are the translations?,18,4
12,Ed Sci Exp 1 Teacher Chinese,125,2025-09-02T02:03:19.100852+00:00,136,zhangyan,326,"Secret Agent Samantha Loves Set Expressions (gpt-image-1, gpt-5, Chinese glosses)",/accounts/public_content/326/,151,PAGE,3,How accurate are the translations?,19,5
12,Ed Sci Exp 1 Teacher Chinese,125,2025-09-02T02:03:19.100852+00:00,136,zhangyan,326,"Secret Agent Samantha Loves Set Expressions (gpt-image-1, gpt-5, Chinese glosses)",/accounts/public_content/326/,151,PAGE,3,How accurate are the translations?,20,5
12,Ed Sci Exp 1 Teacher Chinese,125,2025-09-02T02:03:19.100852+00:00,136,zhangyan,326,"Secret Agent Samantha Loves Set Expressions (gpt-image-1, gpt-5, Chinese glosses)",/accounts/public_content/326/,151,PAGE,3,How accurate are the translations?,21,5
12,Ed Sci Exp 1 Teacher Chinese,131,2025-09-02T02:41:08.764947+00:00,137,weiwei,326,"Secret Agent Samantha Loves Set Expressions (gpt-image-1, gpt-5, Chinese glosses)",/accounts/public_content/326/,129,BOOK,1,How consistent is the style of the images overall?,,4
12,Ed Sci Exp 1 Teacher Chinese,131,2025-09-02T02:41:08.764947+00:00,137,weiwei,326,"Secret Agent Samantha Loves Set Expressions (gpt-image-1, gpt-5, Chinese glosses)",/accounts/public_content/326/,130,BOOK,2,How consistent is the appearance of the elements overall?,,4
12,Ed Sci Exp 1 Teacher Chinese,131,2025-09-02T02:41:08.764947+00:00,137,weiwei,326,"Secret Agent Samantha Loves Set Expressions (gpt-image-1, gpt-5, Chinese glosses)",/accounts/public_content/326/,131,BOOK,3,How culturally appropriate are the images to the relevant culture?,,4
12,Ed Sci Exp 1 Teacher Chinese,131,2025-09-02T02:41:08.764947+00:00,137,weiwei,326,"Secret Agent Samantha Loves Set Expressions (gpt-image-1, gpt-5, Chinese glosses)",/accounts/public_content/326/,132,BOOK,4,How visually appealing do you find the images overall?,,4
12,Ed Sci Exp 1 Teacher Chinese,131,2025-09-02T02:41:08.764947+00:00,137,weiwei,326,"Secret Agent Samantha Loves Set Expressions (gpt-image-1, gpt-5, Chinese glosses)",/accounts/public_content/326/,149,PAGE,1,How well does the image correspond to the text?,1,4
12,Ed Sci Exp 1 Teacher Chinese,131,2025-09-02T02:41:08.764947+00:00,137,weiwei,326,"Secret Agent Samantha Loves Set Expressions (gpt-image-1, gpt-5, Chinese glosses)",/accounts/public_content/326/,149,PAGE,1,How well does the image correspond to the text?,2,4
12,Ed Sci Exp 1 Teacher Chinese,131,2025-09-02T02:41:08.764947+00:00,137,weiwei,326,"Secret Agent Samantha Loves Set Expressions (gpt-image-1, gpt-5, Chinese glosses)",/accounts/public_content/326/,149,PAGE,1,How well does the image correspond to the text?,3,4
12,Ed Sci Exp 1 Teacher Chinese,131,2025-09-02T02:41:08.764947+00:00,137,weiwei,326,"Secret Agent Samantha Loves Set Expressions (gpt-image-1, gpt-5, Chinese glosses)",/accounts/public_content/326/,149,PAGE,1,How well does the image correspond to the text?,4,4
12,Ed Sci Exp 1 Teacher Chinese,131,2025-09-02T02:41:08.764947+00:00,137,weiwei,326,"Secret Agent Samantha Loves Set Expressions (gpt-image-1, gpt-5, Chinese glosses)",/accounts/public_content/326/,149,PAGE,1,How well does the image correspond to the text?,5,4
12,Ed Sci Exp 1 Teacher Chinese,131,2025-09-02T02:41:08.764947+00:00,137,weiwei,326,"Secret Agent Samantha Loves Set Expressions (gpt-image-1, gpt-5, Chinese glosses)",/accounts/public_content/326/,149,PAGE,1,How well does the image correspond to the text?,6,5
12,Ed Sci Exp 1 Teacher Chinese,131,2025-09-02T02:41:08.764947+00:00,137,weiwei,326,"Secret Agent Samantha Loves Set Expressions (gpt-image-1, gpt-5, Chinese glosses)",/accounts/public_content/326/,149,PAGE,1,How well does the image correspond to the text?,7,5
12,Ed Sci Exp 1 Teacher Chinese,131,2025-09-02T02:41:08.764947+00:00,137,weiwei,326,"Secret Agent Samantha Loves Set Expressions (gpt-image-1, gpt-5, Chinese glosses)",/accounts/public_content/326/,149,PAGE,1,How well does the image correspond to the text?,8,5
12,Ed Sci Exp 1 Teacher Chinese,131,2025-09-02T02:41:08.764947+00:00,137,weiwei,326,"Secret Agent Samantha Loves Set Expressions (gpt-image-1, gpt-5, Chinese glosses)",/accounts/public_content/326/,149,PAGE,1,How well does the image correspond to the text?,9,5
12,Ed Sci Exp 1 Teacher Chinese,131,2025-09-02T02:41:08.764947+00:00,137,weiwei,326,"Secret Agent Samantha Loves Set Expressions (gpt-image-1, gpt-5, Chinese glosses)",/accounts/public_content/326/,149,PAGE,1,How well does the image correspond to the text?,10,4
12,Ed Sci Exp 1 Teacher Chinese,131,2025-09-02T02:41:08.764947+00:00,137,weiwei,326,"Secret Agent Samantha Loves Set Expressions (gpt-image-1, gpt-5, Chinese glosses)",/accounts/public_content/326/,149,PAGE,1,How well does the image correspond to the text?,11,4
12,Ed Sci Exp 1 Teacher Chinese,131,2025-09-02T02:41:08.764947+00:00,137,weiwei,326,"Secret Agent Samantha Loves Set Expressions (gpt-image-1, gpt-5, Chinese glosses)",/accounts/public_content/326/,149,PAGE,1,How well does the image correspond to the text?,12,5
12,Ed Sci Exp 1 Teacher Chinese,131,2025-09-02T02:41:08.764947+00:00,137,weiwei,326,"Secret Agent Samantha Loves Set Expressions (gpt-image-1, gpt-5, Chinese glosses)",/accounts/public_content/326/,149,PAGE,1,How well does the image correspond to the text?,13,4
12,Ed Sci Exp 1 Teacher Chinese,131,2025-09-02T02:41:08.764947+00:00,137,weiwei,326,"Secret Agent Samantha Loves Set Expressions (gpt-image-1, gpt-5, Chinese glosses)",/accounts/public_content/326/,149,PAGE,1,How well does the image correspond to the text?,14,4
12,Ed Sci Exp 1 Teacher Chinese,131,2025-09-02T02:41:08.764947+00:00,137,weiwei,326,"Secret Agent Samantha Loves Set Expressions (gpt-image-1, gpt-5, Chinese glosses)",/accounts/public_content/326/,149,PAGE,1,How well does the image correspond to the text?,15,4
12,Ed Sci Exp 1 Teacher Chinese,131,2025-09-02T02:41:08.764947+00:00,137,weiwei,326,"Secret Agent Samantha Loves Set Expressions (gpt-image-1, gpt-5, Chinese glosses)",/accounts/public_content/326/,149,PAGE,1,How well does the image correspond to the text?,16,5
12,Ed Sci Exp 1 Teacher Chinese,131,2025-09-02T02:41:08.764947+00:00,137,weiwei,326,"Secret Agent Samantha Loves Set Expressions (gpt-image-1, gpt-5, Chinese glosses)",/accounts/public_content/326/,149,PAGE,1,How well does the image correspond to the text?,17,4
12,Ed Sci Exp 1 Teacher Chinese,131,2025-09-02T02:41:08.764947+00:00,137,weiwei,326,"Secret Agent Samantha Loves Set Expressions (gpt-image-1, gpt-5, Chinese glosses)",/accounts/public_content/326/,149,PAGE,1,How well does the image correspond to the text?,18,4
12,Ed Sci Exp 1 Teacher Chinese,131,2025-09-02T02:41:08.764947+00:00,137,weiwei,326,"Secret Agent Samantha Loves Set Expressions (gpt-image-1, gpt-5, Chinese glosses)",/accounts/public_content/326/,149,PAGE,1,How well does the image correspond to the text?,19,5
12,Ed Sci Exp 1 Teacher Chinese,131,2025-09-02T02:41:08.764947+00:00,137,weiwei,326,"Secret Agent Samantha Loves Set Expressions (gpt-image-1, gpt-5, Chinese glosses)",/accounts/public_content/326/,149,PAGE,1,How well does the image correspond to the text?,20,4
12,Ed Sci Exp 1 Teacher Chinese,131,2025-09-02T02:41:08.764947+00:00,137,weiwei,326,"Secret Agent Samantha Loves Set Expressions (gpt-image-1, gpt-5, Chinese glosses)",/accounts/public_content/326/,149,PAGE,1,How well does the image correspond to the text?,21,4
12,Ed Sci Exp 1 Teacher Chinese,131,2025-09-02T02:41:08.764947+00:00,137,weiwei,326,"Secret Agent Samantha Loves Set Expressions (gpt-image-1, gpt-5, Chinese glosses)",/accounts/public_content/326/,150,PAGE,2,How accurate are the glosses?,1,5
12,Ed Sci Exp 1 Teacher Chinese,131,2025-09-02T02:41:08.764947+00:00,137,weiwei,326,"Secret Agent Samantha Loves Set Expressions (gpt-image-1, gpt-5, Chinese glosses)",/accounts/public_content/326/,150,PAGE,2,How accurate are the glosses?,2,5
12,Ed Sci Exp 1 Teacher Chinese,131,2025-09-02T02:41:08.764947+00:00,137,weiwei,326,"Secret Agent Samantha Loves Set Expressions (gpt-image-1, gpt-5, Chinese glosses)",/accounts/public_content/326/,150,PAGE,2,How accurate are the glosses?,3,5
12,Ed Sci Exp 1 Teacher Chinese,131,2025-09-02T02:41:08.764947+00:00,137,weiwei,326,"Secret Agent Samantha Loves Set Expressions (gpt-image-1, gpt-5, Chinese glosses)",/accounts/public_content/326/,150,PAGE,2,How accurate are the glosses?,4,4
12,Ed Sci Exp 1 Teacher Chinese,131,2025-09-02T02:41:08.764947+00:00,137,weiwei,326,"Secret Agent Samantha Loves Set Expressions (gpt-image-1, gpt-5, Chinese glosses)",/accounts/public_content/326/,150,PAGE,2,How accurate are the glosses?,5,5
12,Ed Sci Exp 1 Teacher Chinese,131,2025-09-02T02:41:08.764947+00:00,137,weiwei,326,"Secret Agent Samantha Loves Set Expressions (gpt-image-1, gpt-5, Chinese glosses)",/accounts/public_content/326/,150,PAGE,2,How accurate are the glosses?,6,5
12,Ed Sci Exp 1 Teacher Chinese,131,2025-09-02T02:41:08.764947+00:00,137,weiwei,326,"Secret Agent Samantha Loves Set Expressions (gpt-image-1, gpt-5, Chinese glosses)",/accounts/public_content/326/,150,PAGE,2,How accurate are the glosses?,7,5
12,Ed Sci Exp 1 Teacher Chinese,131,2025-09-02T02:41:08.764947+00:00,137,weiwei,326,"Secret Agent Samantha Loves Set Expressions (gpt-image-1, gpt-5, Chinese glosses)",/accounts/public_content/326/,150,PAGE,2,How accurate are the glosses?,8,4
12,Ed Sci Exp 1 Teacher Chinese,131,2025-09-02T02:41:08.764947+00:00,137,weiwei,326,"Secret Agent Samantha Loves Set Expressions (gpt-image-1, gpt-5, Chinese glosses)",/accounts/public_content/326/,150,PAGE,2,How accurate are the glosses?,9,4
12,Ed Sci Exp 1 Teacher Chinese,131,2025-09-02T02:41:08.764947+00:00,137,weiwei,326,"Secret Agent Samantha Loves Set Expressions (gpt-image-1, gpt-5, Chinese glosses)",/accounts/public_content/326/,150,PAGE,2,How accurate are the glosses?,10,4
12,Ed Sci Exp 1 Teacher Chinese,131,2025-09-02T02:41:08.764947+00:00,137,weiwei,326,"Secret Agent Samantha Loves Set Expressions (gpt-image-1, gpt-5, Chinese glosses)",/accounts/public_content/326/,150,PAGE,2,How accurate are the glosses?,11,5
12,Ed Sci Exp 1 Teacher Chinese,131,2025-09-02T02:41:08.764947+00:00,137,weiwei,326,"Secret Agent Samantha Loves Set Expressions (gpt-image-1, gpt-5, Chinese glosses)",/accounts/public_content/326/,150,PAGE,2,How accurate are the glosses?,12,5
12,Ed Sci Exp 1 Teacher Chinese,131,2025-09-02T02:41:08.764947+00:00,137,weiwei,326,"Secret Agent Samantha Loves Set Expressions (gpt-image-1, gpt-5, Chinese glosses)",/accounts/public_content/326/,150,PAGE,2,How accurate are the glosses?,13,5
12,Ed Sci Exp 1 Teacher Chinese,131,2025-09-02T02:41:08.764947+00:00,137,weiwei,326,"Secret Agent Samantha Loves Set Expressions (gpt-image-1, gpt-5, Chinese glosses)",/accounts/public_content/326/,150,PAGE,2,How accurate are the glosses?,14,5
12,Ed Sci Exp 1 Teacher Chinese,131,2025-09-02T02:41:08.764947+00:00,137,weiwei,326,"Secret Agent Samantha Loves Set Expressions (gpt-image-1, gpt-5, Chinese glosses)",/accounts/public_content/326/,150,PAGE,2,How accurate are the glosses?,15,5
12,Ed Sci Exp 1 Teacher Chinese,131,2025-09-02T02:41:08.764947+00:00,137,weiwei,326,"Secret Agent Samantha Loves Set Expressions (gpt-image-1, gpt-5, Chinese glosses)",/accounts/public_content/326/,150,PAGE,2,How accurate are the glosses?,16,5
12,Ed Sci Exp 1 Teacher Chinese,131,2025-09-02T02:41:08.764947+00:00,137,weiwei,326,"Secret Agent Samantha Loves Set Expressions (gpt-image-1, gpt-5, Chinese glosses)",/accounts/public_content/326/,150,PAGE,2,How accurate are the glosses?,17,5
12,Ed Sci Exp 1 Teacher Chinese,131,2025-09-02T02:41:08.764947+00:00,137,weiwei,326,"Secret Agent Samantha Loves Set Expressions (gpt-image-1, gpt-5, Chinese glosses)",/accounts/public_content/326/,150,PAGE,2,How accurate are the glosses?,18,5
12,Ed Sci Exp 1 Teacher Chinese,131,2025-09-02T02:41:08.764947+00:00,137,weiwei,326,"Secret Agent Samantha Loves Set Expressions (gpt-image-1, gpt-5, Chinese glosses)",/accounts/public_content/326/,150,PAGE,2,How accurate are the glosses?,19,5
12,Ed Sci Exp 1 Teacher Chinese,131,2025-09-02T02:41:08.764947+00:00,137,weiwei,326,"Secret Agent Samantha Loves Set Expressions (gpt-image-1, gpt-5, Chinese glosses)",/accounts/public_content/326/,150,PAGE,2,How accurate are the glosses?,20,4
12,Ed Sci Exp 1 Teacher Chinese,131,2025-09-02T02:41:08.764947+00:00,137,weiwei,326,"Secret Agent Samantha Loves Set Expressions (gpt-image-1, gpt-5, Chinese glosses)",/accounts/public_content/326/,150,PAGE,2,How accurate are the glosses?,21,5
12,Ed Sci Exp 1 Teacher Chinese,131,2025-09-02T02:41:08.764947+00:00,137,weiwei,326,"Secret Agent Samantha Loves Set Expressions (gpt-image-1, gpt-5, Chinese glosses)",/accounts/public_content/326/,151,PAGE,3,How accurate are the translations?,1,5
12,Ed Sci Exp 1 Teacher Chinese,131,2025-09-02T02:41:08.764947+00:00,137,weiwei,326,"Secret Agent Samantha Loves Set Expressions (gpt-image-1, gpt-5, Chinese glosses)",/accounts/public_content/326/,151,PAGE,3,How accurate are the translations?,2,4
12,Ed Sci Exp 1 Teacher Chinese,131,2025-09-02T02:41:08.764947+00:00,137,weiwei,326,"Secret Agent Samantha Loves Set Expressions (gpt-image-1, gpt-5, Chinese glosses)",/accounts/public_content/326/,151,PAGE,3,How accurate are the translations?,3,4
12,Ed Sci Exp 1 Teacher Chinese,131,2025-09-02T02:41:08.764947+00:00,137,weiwei,326,"Secret Agent Samantha Loves Set Expressions (gpt-image-1, gpt-5, Chinese glosses)",/accounts/public_content/326/,151,PAGE,3,How accurate are the translations?,4,5
12,Ed Sci Exp 1 Teacher Chinese,131,2025-09-02T02:41:08.764947+00:00,137,weiwei,326,"Secret Agent Samantha Loves Set Expressions (gpt-image-1, gpt-5, Chinese glosses)",/accounts/public_content/326/,151,PAGE,3,How accurate are the translations?,5,5
12,Ed Sci Exp 1 Teacher Chinese,131,2025-09-02T02:41:08.764947+00:00,137,weiwei,326,"Secret Agent Samantha Loves Set Expressions (gpt-image-1, gpt-5, Chinese glosses)",/accounts/public_content/326/,151,PAGE,3,How accurate are the translations?,6,4
12,Ed Sci Exp 1 Teacher Chinese,131,2025-09-02T02:41:08.764947+00:00,137,weiwei,326,"Secret Agent Samantha Loves Set Expressions (gpt-image-1, gpt-5, Chinese glosses)",/accounts/public_content/326/,151,PAGE,3,How accurate are the translations?,7,5
12,Ed Sci Exp 1 Teacher Chinese,131,2025-09-02T02:41:08.764947+00:00,137,weiwei,326,"Secret Agent Samantha Loves Set Expressions (gpt-image-1, gpt-5, Chinese glosses)",/accounts/public_content/326/,151,PAGE,3,How accurate are the translations?,8,4
12,Ed Sci Exp 1 Teacher Chinese,131,2025-09-02T02:41:08.764947+00:00,137,weiwei,326,"Secret Agent Samantha Loves Set Expressions (gpt-image-1, gpt-5, Chinese glosses)",/accounts/public_content/326/,151,PAGE,3,How accurate are the translations?,9,5
12,Ed Sci Exp 1 Teacher Chinese,131,2025-09-02T02:41:08.764947+00:00,137,weiwei,326,"Secret Agent Samantha Loves Set Expressions (gpt-image-1, gpt-5, Chinese glosses)",/accounts/public_content/326/,151,PAGE,3,How accurate are the translations?,10,5
12,Ed Sci Exp 1 Teacher Chinese,131,2025-09-02T02:41:08.764947+00:00,137,weiwei,326,"Secret Agent Samantha Loves Set Expressions (gpt-image-1, gpt-5, Chinese glosses)",/accounts/public_content/326/,151,PAGE,3,How accurate are the translations?,11,5
12,Ed Sci Exp 1 Teacher Chinese,131,2025-09-02T02:41:08.764947+00:00,137,weiwei,326,"Secret Agent Samantha Loves Set Expressions (gpt-image-1, gpt-5, Chinese glosses)",/accounts/public_content/326/,151,PAGE,3,How accurate are the translations?,12,5
12,Ed Sci Exp 1 Teacher Chinese,131,2025-09-02T02:41:08.764947+00:00,137,weiwei,326,"Secret Agent Samantha Loves Set Expressions (gpt-image-1, gpt-5, Chinese glosses)",/accounts/public_content/326/,151,PAGE,3,How accurate are the translations?,13,4
12,Ed Sci Exp 1 Teacher Chinese,131,2025-09-02T02:41:08.764947+00:00,137,weiwei,326,"Secret Agent Samantha Loves Set Expressions (gpt-image-1, gpt-5, Chinese glosses)",/accounts/public_content/326/,151,PAGE,3,How accurate are the translations?,14,5
12,Ed Sci Exp 1 Teacher Chinese,131,2025-09-02T02:41:08.764947+00:00,137,weiwei,326,"Secret Agent Samantha Loves Set Expressions (gpt-image-1, gpt-5, Chinese glosses)",/accounts/public_content/326/,151,PAGE,3,How accurate are the translations?,15,5
12,Ed Sci Exp 1 Teacher Chinese,131,2025-09-02T02:41:08.764947+00:00,137,weiwei,326,"Secret Agent Samantha Loves Set Expressions (gpt-image-1, gpt-5, Chinese glosses)",/accounts/public_content/326/,151,PAGE,3,How accurate are the translations?,16,4
12,Ed Sci Exp 1 Teacher Chinese,131,2025-09-02T02:41:08.764947+00:00,137,weiwei,326,"Secret Agent Samantha Loves Set Expressions (gpt-image-1, gpt-5, Chinese glosses)",/accounts/public_content/326/,151,PAGE,3,How accurate are the translations?,17,5
12,Ed Sci Exp 1 Teacher Chinese,131,2025-09-02T02:41:08.764947+00:00,137,weiwei,326,"Secret Agent Samantha Loves Set Expressions (gpt-image-1, gpt-5, Chinese glosses)",/accounts/public_content/326/,151,PAGE,3,How accurate are the translations?,18,5
12,Ed Sci Exp 1 Teacher Chinese,131,2025-09-02T02:41:08.764947+00:00,137,weiwei,326,"Secret Agent Samantha Loves Set Expressions (gpt-image-1, gpt-5, Chinese glosses)",/accounts/public_content/326/,151,PAGE,3,How accurate are the translations?,19,5
12,Ed Sci Exp 1 Teacher Chinese,131,2025-09-02T02:41:08.764947+00:00,137,weiwei,326,"Secret Agent Samantha Loves Set Expressions (gpt-image-1, gpt-5, Chinese glosses)",/accounts/public_content/326/,151,PAGE,3,How accurate are the translations?,20,5
12,Ed Sci Exp 1 Teacher Chinese,131,2025-09-02T02:41:08.764947+00:00,137,weiwei,326,"Secret Agent Samantha Loves Set Expressions (gpt-image-1, gpt-5, Chinese glosses)",/accounts/public_content/326/,151,PAGE,3,How accurate are the translations?,21,5
12,Ed Sci Exp 1 Teacher Chinese,137,2025-09-02T03:19:11.681798+00:00,138,chunying,326,"Secret Agent Samantha Loves Set Expressions (gpt-image-1, gpt-5, Chinese glosses)",/accounts/public_content/326/,129,BOOK,1,How consistent is the style of the images overall?,,4
12,Ed Sci Exp 1 Teacher Chinese,137,2025-09-02T03:19:11.681798+00:00,138,chunying,326,"Secret Agent Samantha Loves Set Expressions (gpt-image-1, gpt-5, Chinese glosses)",/accounts/public_content/326/,130,BOOK,2,How consistent is the appearance of the elements overall?,,5
12,Ed Sci Exp 1 Teacher Chinese,137,2025-09-02T03:19:11.681798+00:00,138,chunying,326,"Secret Agent Samantha Loves Set Expressions (gpt-image-1, gpt-5, Chinese glosses)",/accounts/public_content/326/,131,BOOK,3,How culturally appropriate are the images to the relevant culture?,,5
12,Ed Sci Exp 1 Teacher Chinese,137,2025-09-02T03:19:11.681798+00:00,138,chunying,326,"Secret Agent Samantha Loves Set Expressions (gpt-image-1, gpt-5, Chinese glosses)",/accounts/public_content/326/,132,BOOK,4,How visually appealing do you find the images overall?,,4
12,Ed Sci Exp 1 Teacher Chinese,137,2025-09-02T03:19:11.681798+00:00,138,chunying,326,"Secret Agent Samantha Loves Set Expressions (gpt-image-1, gpt-5, Chinese glosses)",/accounts/public_content/326/,149,PAGE,1,How well does the image correspond to the text?,1,4
12,Ed Sci Exp 1 Teacher Chinese,137,2025-09-02T03:19:11.681798+00:00,138,chunying,326,"Secret Agent Samantha Loves Set Expressions (gpt-image-1, gpt-5, Chinese glosses)",/accounts/public_content/326/,149,PAGE,1,How well does the image correspond to the text?,2,4
12,Ed Sci Exp 1 Teacher Chinese,137,2025-09-02T03:19:11.681798+00:00,138,chunying,326,"Secret Agent Samantha Loves Set Expressions (gpt-image-1, gpt-5, Chinese glosses)",/accounts/public_content/326/,149,PAGE,1,How well does the image correspond to the text?,3,4
12,Ed Sci Exp 1 Teacher Chinese,137,2025-09-02T03:19:11.681798+00:00,138,chunying,326,"Secret Agent Samantha Loves Set Expressions (gpt-image-1, gpt-5, Chinese glosses)",/accounts/public_content/326/,149,PAGE,1,How well does the image correspond to the text?,4,5
12,Ed Sci Exp 1 Teacher Chinese,137,2025-09-02T03:19:11.681798+00:00,138,chunying,326,"Secret Agent Samantha Loves Set Expressions (gpt-image-1, gpt-5, Chinese glosses)",/accounts/public_content/326/,149,PAGE,1,How well does the image correspond to the text?,5,5
12,Ed Sci Exp 1 Teacher Chinese,137,2025-09-02T03:19:11.681798+00:00,138,chunying,326,"Secret Agent Samantha Loves Set Expressions (gpt-image-1, gpt-5, Chinese glosses)",/accounts/public_content/326/,149,PAGE,1,How well does the image correspond to the text?,6,5
12,Ed Sci Exp 1 Teacher Chinese,137,2025-09-02T03:19:11.681798+00:00,138,chunying,326,"Secret Agent Samantha Loves Set Expressions (gpt-image-1, gpt-5, Chinese glosses)",/accounts/public_content/326/,149,PAGE,1,How well does the image correspond to the text?,7,5
12,Ed Sci Exp 1 Teacher Chinese,137,2025-09-02T03:19:11.681798+00:00,138,chunying,326,"Secret Agent Samantha Loves Set Expressions (gpt-image-1, gpt-5, Chinese glosses)",/accounts/public_content/326/,149,PAGE,1,How well does the image correspond to the text?,8,5
12,Ed Sci Exp 1 Teacher Chinese,137,2025-09-02T03:19:11.681798+00:00,138,chunying,326,"Secret Agent Samantha Loves Set Expressions (gpt-image-1, gpt-5, Chinese glosses)",/accounts/public_content/326/,149,PAGE,1,How well does the image correspond to the text?,9,5
12,Ed Sci Exp 1 Teacher Chinese,137,2025-09-02T03:19:11.681798+00:00,138,chunying,326,"Secret Agent Samantha Loves Set Expressions (gpt-image-1, gpt-5, Chinese glosses)",/accounts/public_content/326/,149,PAGE,1,How well does the image correspond to the text?,10,5
12,Ed Sci Exp 1 Teacher Chinese,137,2025-09-02T03:19:11.681798+00:00,138,chunying,326,"Secret Agent Samantha Loves Set Expressions (gpt-image-1, gpt-5, Chinese glosses)",/accounts/public_content/326/,149,PAGE,1,How well does the image correspond to the text?,11,4
12,Ed Sci Exp 1 Teacher Chinese,137,2025-09-02T03:19:11.681798+00:00,138,chunying,326,"Secret Agent Samantha Loves Set Expressions (gpt-image-1, gpt-5, Chinese glosses)",/accounts/public_content/326/,149,PAGE,1,How well does the image correspond to the text?,12,5
12,Ed Sci Exp 1 Teacher Chinese,137,2025-09-02T03:19:11.681798+00:00,138,chunying,326,"Secret Agent Samantha Loves Set Expressions (gpt-image-1, gpt-5, Chinese glosses)",/accounts/public_content/326/,149,PAGE,1,How well does the image correspond to the text?,13,5
12,Ed Sci Exp 1 Teacher Chinese,137,2025-09-02T03:19:11.681798+00:00,138,chunying,326,"Secret Agent Samantha Loves Set Expressions (gpt-image-1, gpt-5, Chinese glosses)",/accounts/public_content/326/,149,PAGE,1,How well does the image correspond to the text?,14,5
12,Ed Sci Exp 1 Teacher Chinese,137,2025-09-02T03:19:11.681798+00:00,138,chunying,326,"Secret Agent Samantha Loves Set Expressions (gpt-image-1, gpt-5, Chinese glosses)",/accounts/public_content/326/,149,PAGE,1,How well does the image correspond to the text?,15,4
12,Ed Sci Exp 1 Teacher Chinese,137,2025-09-02T03:19:11.681798+00:00,138,chunying,326,"Secret Agent Samantha Loves Set Expressions (gpt-image-1, gpt-5, Chinese glosses)",/accounts/public_content/326/,149,PAGE,1,How well does the image correspond to the text?,16,5
12,Ed Sci Exp 1 Teacher Chinese,137,2025-09-02T03:19:11.681798+00:00,138,chunying,326,"Secret Agent Samantha Loves Set Expressions (gpt-image-1, gpt-5, Chinese glosses)",/accounts/public_content/326/,149,PAGE,1,How well does the image correspond to the text?,17,5
12,Ed Sci Exp 1 Teacher Chinese,137,2025-09-02T03:19:11.681798+00:00,138,chunying,326,"Secret Agent Samantha Loves Set Expressions (gpt-image-1, gpt-5, Chinese glosses)",/accounts/public_content/326/,149,PAGE,1,How well does the image correspond to the text?,18,4
12,Ed Sci Exp 1 Teacher Chinese,137,2025-09-02T03:19:11.681798+00:00,138,chunying,326,"Secret Agent Samantha Loves Set Expressions (gpt-image-1, gpt-5, Chinese glosses)",/accounts/public_content/326/,149,PAGE,1,How well does the image correspond to the text?,19,5
12,Ed Sci Exp 1 Teacher Chinese,137,2025-09-02T03:19:11.681798+00:00,138,chunying,326,"Secret Agent Samantha Loves Set Expressions (gpt-image-1, gpt-5, Chinese glosses)",/accounts/public_content/326/,149,PAGE,1,How well does the image correspond to the text?,20,5
12,Ed Sci Exp 1 Teacher Chinese,137,2025-09-02T03:19:11.681798+00:00,138,chunying,326,"Secret Agent Samantha Loves Set Expressions (gpt-image-1, gpt-5, Chinese glosses)",/accounts/public_content/326/,149,PAGE,1,How well does the image correspond to the text?,21,5
12,Ed Sci Exp 1 Teacher Chinese,137,2025-09-02T03:19:11.681798+00:00,138,chunying,326,"Secret Agent Samantha Loves Set Expressions (gpt-image-1, gpt-5, Chinese glosses)",/accounts/public_content/326/,150,PAGE,2,How accurate are the glosses?,1,5
12,Ed Sci Exp 1 Teacher Chinese,137,2025-09-02T03:19:11.681798+00:00,138,chunying,326,"Secret Agent Samantha Loves Set Expressions (gpt-image-1, gpt-5, Chinese glosses)",/accounts/public_content/326/,150,PAGE,2,How accurate are the glosses?,2,5
12,Ed Sci Exp 1 Teacher Chinese,137,2025-09-02T03:19:11.681798+00:00,138,chunying,326,"Secret Agent Samantha Loves Set Expressions (gpt-image-1, gpt-5, Chinese glosses)",/accounts/public_content/326/,150,PAGE,2,How accurate are the glosses?,3,4
12,Ed Sci Exp 1 Teacher Chinese,137,2025-09-02T03:19:11.681798+00:00,138,chunying,326,"Secret Agent Samantha Loves Set Expressions (gpt-image-1, gpt-5, Chinese glosses)",/accounts/public_content/326/,150,PAGE,2,How accurate are the glosses?,4,5
12,Ed Sci Exp 1 Teacher Chinese,137,2025-09-02T03:19:11.681798+00:00,138,chunying,326,"Secret Agent Samantha Loves Set Expressions (gpt-image-1, gpt-5, Chinese glosses)",/accounts/public_content/326/,150,PAGE,2,How accurate are the glosses?,5,4
12,Ed Sci Exp 1 Teacher Chinese,137,2025-09-02T03:19:11.681798+00:00,138,chunying,326,"Secret Agent Samantha Loves Set Expressions (gpt-image-1, gpt-5, Chinese glosses)",/accounts/public_content/326/,150,PAGE,2,How accurate are the glosses?,6,5
12,Ed Sci Exp 1 Teacher Chinese,137,2025-09-02T03:19:11.681798+00:00,138,chunying,326,"Secret Agent Samantha Loves Set Expressions (gpt-image-1, gpt-5, Chinese glosses)",/accounts/public_content/326/,150,PAGE,2,How accurate are the glosses?,7,5
12,Ed Sci Exp 1 Teacher Chinese,137,2025-09-02T03:19:11.681798+00:00,138,chunying,326,"Secret Agent Samantha Loves Set Expressions (gpt-image-1, gpt-5, Chinese glosses)",/accounts/public_content/326/,150,PAGE,2,How accurate are the glosses?,8,4
12,Ed Sci Exp 1 Teacher Chinese,137,2025-09-02T03:19:11.681798+00:00,138,chunying,326,"Secret Agent Samantha Loves Set Expressions (gpt-image-1, gpt-5, Chinese glosses)",/accounts/public_content/326/,150,PAGE,2,How accurate are the glosses?,9,5
12,Ed Sci Exp 1 Teacher Chinese,137,2025-09-02T03:19:11.681798+00:00,138,chunying,326,"Secret Agent Samantha Loves Set Expressions (gpt-image-1, gpt-5, Chinese glosses)",/accounts/public_content/326/,150,PAGE,2,How accurate are the glosses?,10,4
12,Ed Sci Exp 1 Teacher Chinese,137,2025-09-02T03:19:11.681798+00:00,138,chunying,326,"Secret Agent Samantha Loves Set Expressions (gpt-image-1, gpt-5, Chinese glosses)",/accounts/public_content/326/,150,PAGE,2,How accurate are the glosses?,11,5
12,Ed Sci Exp 1 Teacher Chinese,137,2025-09-02T03:19:11.681798+00:00,138,chunying,326,"Secret Agent Samantha Loves Set Expressions (gpt-image-1, gpt-5, Chinese glosses)",/accounts/public_content/326/,150,PAGE,2,How accurate are the glosses?,12,5
12,Ed Sci Exp 1 Teacher Chinese,137,2025-09-02T03:19:11.681798+00:00,138,chunying,326,"Secret Agent Samantha Loves Set Expressions (gpt-image-1, gpt-5, Chinese glosses)",/accounts/public_content/326/,150,PAGE,2,How accurate are the glosses?,13,4
12,Ed Sci Exp 1 Teacher Chinese,137,2025-09-02T03:19:11.681798+00:00,138,chunying,326,"Secret Agent Samantha Loves Set Expressions (gpt-image-1, gpt-5, Chinese glosses)",/accounts/public_content/326/,150,PAGE,2,How accurate are the glosses?,14,5
12,Ed Sci Exp 1 Teacher Chinese,137,2025-09-02T03:19:11.681798+00:00,138,chunying,326,"Secret Agent Samantha Loves Set Expressions (gpt-image-1, gpt-5, Chinese glosses)",/accounts/public_content/326/,150,PAGE,2,How accurate are the glosses?,15,5
12,Ed Sci Exp 1 Teacher Chinese,137,2025-09-02T03:19:11.681798+00:00,138,chunying,326,"Secret Agent Samantha Loves Set Expressions (gpt-image-1, gpt-5, Chinese glosses)",/accounts/public_content/326/,150,PAGE,2,How accurate are the glosses?,16,5
12,Ed Sci Exp 1 Teacher Chinese,137,2025-09-02T03:19:11.681798+00:00,138,chunying,326,"Secret Agent Samantha Loves Set Expressions (gpt-image-1, gpt-5, Chinese glosses)",/accounts/public_content/326/,150,PAGE,2,How accurate are the glosses?,17,5
12,Ed Sci Exp 1 Teacher Chinese,137,2025-09-02T03:19:11.681798+00:00,138,chunying,326,"Secret Agent Samantha Loves Set Expressions (gpt-image-1, gpt-5, Chinese glosses)",/accounts/public_content/326/,150,PAGE,2,How accurate are the glosses?,18,5
12,Ed Sci Exp 1 Teacher Chinese,137,2025-09-02T03:19:11.681798+00:00,138,chunying,326,"Secret Agent Samantha Loves Set Expressions (gpt-image-1, gpt-5, Chinese glosses)",/accounts/public_content/326/,150,PAGE,2,How accurate are the glosses?,19,4
12,Ed Sci Exp 1 Teacher Chinese,137,2025-09-02T03:19:11.681798+00:00,138,chunying,326,"Secret Agent Samantha Loves Set Expressions (gpt-image-1, gpt-5, Chinese glosses)",/accounts/public_content/326/,150,PAGE,2,How accurate are the glosses?,20,5
12,Ed Sci Exp 1 Teacher Chinese,137,2025-09-02T03:19:11.681798+00:00,138,chunying,326,"Secret Agent Samantha Loves Set Expressions (gpt-image-1, gpt-5, Chinese glosses)",/accounts/public_content/326/,150,PAGE,2,How accurate are the glosses?,21,5
12,Ed Sci Exp 1 Teacher Chinese,137,2025-09-02T03:19:11.681798+00:00,138,chunying,326,"Secret Agent Samantha Loves Set Expressions (gpt-image-1, gpt-5, Chinese glosses)",/accounts/public_content/326/,151,PAGE,3,How accurate are the translations?,1,5
12,Ed Sci Exp 1 Teacher Chinese,137,2025-09-02T03:19:11.681798+00:00,138,chunying,326,"Secret Agent Samantha Loves Set Expressions (gpt-image-1, gpt-5, Chinese glosses)",/accounts/public_content/326/,151,PAGE,3,How accurate are the translations?,2,5
12,Ed Sci Exp 1 Teacher Chinese,137,2025-09-02T03:19:11.681798+00:00,138,chunying,326,"Secret Agent Samantha Loves Set Expressions (gpt-image-1, gpt-5, Chinese glosses)",/accounts/public_content/326/,151,PAGE,3,How accurate are the translations?,3,5
12,Ed Sci Exp 1 Teacher Chinese,137,2025-09-02T03:19:11.681798+00:00,138,chunying,326,"Secret Agent Samantha Loves Set Expressions (gpt-image-1, gpt-5, Chinese glosses)",/accounts/public_content/326/,151,PAGE,3,How accurate are the translations?,4,4
12,Ed Sci Exp 1 Teacher Chinese,137,2025-09-02T03:19:11.681798+00:00,138,chunying,326,"Secret Agent Samantha Loves Set Expressions (gpt-image-1, gpt-5, Chinese glosses)",/accounts/public_content/326/,151,PAGE,3,How accurate are the translations?,5,5
12,Ed Sci Exp 1 Teacher Chinese,137,2025-09-02T03:19:11.681798+00:00,138,chunying,326,"Secret Agent Samantha Loves Set Expressions (gpt-image-1, gpt-5, Chinese glosses)",/accounts/public_content/326/,151,PAGE,3,How accurate are the translations?,6,5
12,Ed Sci Exp 1 Teacher Chinese,137,2025-09-02T03:19:11.681798+00:00,138,chunying,326,"Secret Agent Samantha Loves Set Expressions (gpt-image-1, gpt-5, Chinese glosses)",/accounts/public_content/326/,151,PAGE,3,How accurate are the translations?,7,5
12,Ed Sci Exp 1 Teacher Chinese,137,2025-09-02T03:19:11.681798+00:00,138,chunying,326,"Secret Agent Samantha Loves Set Expressions (gpt-image-1, gpt-5, Chinese glosses)",/accounts/public_content/326/,151,PAGE,3,How accurate are the translations?,8,5
12,Ed Sci Exp 1 Teacher Chinese,137,2025-09-02T03:19:11.681798+00:00,138,chunying,326,"Secret Agent Samantha Loves Set Expressions (gpt-image-1, gpt-5, Chinese glosses)",/accounts/public_content/326/,151,PAGE,3,How accurate are the translations?,9,5
12,Ed Sci Exp 1 Teacher Chinese,137,2025-09-02T03:19:11.681798+00:00,138,chunying,326,"Secret Agent Samantha Loves Set Expressions (gpt-image-1, gpt-5, Chinese glosses)",/accounts/public_content/326/,151,PAGE,3,How accurate are the translations?,10,5
12,Ed Sci Exp 1 Teacher Chinese,137,2025-09-02T03:19:11.681798+00:00,138,chunying,326,"Secret Agent Samantha Loves Set Expressions (gpt-image-1, gpt-5, Chinese glosses)",/accounts/public_content/326/,151,PAGE,3,How accurate are the translations?,11,5
12,Ed Sci Exp 1 Teacher Chinese,137,2025-09-02T03:19:11.681798+00:00,138,chunying,326,"Secret Agent Samantha Loves Set Expressions (gpt-image-1, gpt-5, Chinese glosses)",/accounts/public_content/326/,151,PAGE,3,How accurate are the translations?,12,5
12,Ed Sci Exp 1 Teacher Chinese,137,2025-09-02T03:19:11.681798+00:00,138,chunying,326,"Secret Agent Samantha Loves Set Expressions (gpt-image-1, gpt-5, Chinese glosses)",/accounts/public_content/326/,151,PAGE,3,How accurate are the translations?,13,5
12,Ed Sci Exp 1 Teacher Chinese,137,2025-09-02T03:19:11.681798+00:00,138,chunying,326,"Secret Agent Samantha Loves Set Expressions (gpt-image-1, gpt-5, Chinese glosses)",/accounts/public_content/326/,151,PAGE,3,How accurate are the translations?,14,4
12,Ed Sci Exp 1 Teacher Chinese,137,2025-09-02T03:19:11.681798+00:00,138,chunying,326,"Secret Agent Samantha Loves Set Expressions (gpt-image-1, gpt-5, Chinese glosses)",/accounts/public_content/326/,151,PAGE,3,How accurate are the translations?,15,5
12,Ed Sci Exp 1 Teacher Chinese,137,2025-09-02T03:19:11.681798+00:00,138,chunying,326,"Secret Agent Samantha Loves Set Expressions (gpt-image-1, gpt-5, Chinese glosses)",/accounts/public_content/326/,151,PAGE,3,How accurate are the translations?,16,5
12,Ed Sci Exp 1 Teacher Chinese,137,2025-09-02T03:19:11.681798+00:00,138,chunying,326,"Secret Agent Samantha Loves Set Expressions (gpt-image-1, gpt-5, Chinese glosses)",/accounts/public_content/326/,151,PAGE,3,How accurate are the translations?,17,5
12,Ed Sci Exp 1 Teacher Chinese,137,2025-09-02T03:19:11.681798+00:00,138,chunying,326,"Secret Agent Samantha Loves Set Expressions (gpt-image-1, gpt-5, Chinese glosses)",/accounts/public_content/326/,151,PAGE,3,How accurate are the translations?,18,5
12,Ed Sci Exp 1 Teacher Chinese,137,2025-09-02T03:19:11.681798+00:00,138,chunying,326,"Secret Agent Samantha Loves Set Expressions (gpt-image-1, gpt-5, Chinese glosses)",/accounts/public_content/326/,151,PAGE,3,How accurate are the translations?,19,5
12,Ed Sci Exp 1 Teacher Chinese,137,2025-09-02T03:19:11.681798+00:00,138,chunying,326,"Secret Agent Samantha Loves Set Expressions (gpt-image-1, gpt-5, Chinese glosses)",/accounts/public_content/326/,151,PAGE,3,How accurate are the translations?,20,5
12,Ed Sci Exp 1 Teacher Chinese,137,2025-09-02T03:19:11.681798+00:00,138,chunying,326,"Secret Agent Samantha Loves Set Expressions (gpt-image-1, gpt-5, Chinese glosses)",/accounts/public_content/326/,151,PAGE,3,How accurate are the translations?,21,5
12,Ed Sci Exp 1 Teacher Chinese,143,2025-09-02T04:07:24.567304+00:00,139,shuai,326,"Secret Agent Samantha Loves Set Expressions (gpt-image-1, gpt-5, Chinese glosses)",/accounts/public_content/326/,129,BOOK,1,How consistent is the style of the images overall?,,4
12,Ed Sci Exp 1 Teacher Chinese,143,2025-09-02T04:07:24.567304+00:00,139,shuai,326,"Secret Agent Samantha Loves Set Expressions (gpt-image-1, gpt-5, Chinese glosses)",/accounts/public_content/326/,130,BOOK,2,How consistent is the appearance of the elements overall?,,5
12,Ed Sci Exp 1 Teacher Chinese,143,2025-09-02T04:07:24.567304+00:00,139,shuai,326,"Secret Agent Samantha Loves Set Expressions (gpt-image-1, gpt-5, Chinese glosses)",/accounts/public_content/326/,131,BOOK,3,How culturally appropriate are the images to the relevant culture?,,5
12,Ed Sci Exp 1 Teacher Chinese,143,2025-09-02T04:07:24.567304+00:00,139,shuai,326,"Secret Agent Samantha Loves Set Expressions (gpt-image-1, gpt-5, Chinese glosses)",/accounts/public_content/326/,132,BOOK,4,How visually appealing do you find the images overall?,,5
12,Ed Sci Exp 1 Teacher Chinese,143,2025-09-02T04:07:24.567304+00:00,139,shuai,326,"Secret Agent Samantha Loves Set Expressions (gpt-image-1, gpt-5, Chinese glosses)",/accounts/public_content/326/,149,PAGE,1,How well does the image correspond to the text?,1,4
12,Ed Sci Exp 1 Teacher Chinese,143,2025-09-02T04:07:24.567304+00:00,139,shuai,326,"Secret Agent Samantha Loves Set Expressions (gpt-image-1, gpt-5, Chinese glosses)",/accounts/public_content/326/,149,PAGE,1,How well does the image correspond to the text?,2,4
12,Ed Sci Exp 1 Teacher Chinese,143,2025-09-02T04:07:24.567304+00:00,139,shuai,326,"Secret Agent Samantha Loves Set Expressions (gpt-image-1, gpt-5, Chinese glosses)",/accounts/public_content/326/,149,PAGE,1,How well does the image correspond to the text?,3,4
12,Ed Sci Exp 1 Teacher Chinese,143,2025-09-02T04:07:24.567304+00:00,139,shuai,326,"Secret Agent Samantha Loves Set Expressions (gpt-image-1, gpt-5, Chinese glosses)",/accounts/public_content/326/,149,PAGE,1,How well does the image correspond to the text?,4,4
12,Ed Sci Exp 1 Teacher Chinese,143,2025-09-02T04:07:24.567304+00:00,139,shuai,326,"Secret Agent Samantha Loves Set Expressions (gpt-image-1, gpt-5, Chinese glosses)",/accounts/public_content/326/,149,PAGE,1,How well does the image correspond to the text?,5,4
12,Ed Sci Exp 1 Teacher Chinese,143,2025-09-02T04:07:24.567304+00:00,139,shuai,326,"Secret Agent Samantha Loves Set Expressions (gpt-image-1, gpt-5, Chinese glosses)",/accounts/public_content/326/,149,PAGE,1,How well does the image correspond to the text?,6,5
12,Ed Sci Exp 1 Teacher Chinese,143,2025-09-02T04:07:24.567304+00:00,139,shuai,326,"Secret Agent Samantha Loves Set Expressions (gpt-image-1, gpt-5, Chinese glosses)",/accounts/public_content/326/,149,PAGE,1,How well does the image correspond to the text?,7,5
12,Ed Sci Exp 1 Teacher Chinese,143,2025-09-02T04:07:24.567304+00:00,139,shuai,326,"Secret Agent Samantha Loves Set Expressions (gpt-image-1, gpt-5, Chinese glosses)",/accounts/public_content/326/,149,PAGE,1,How well does the image correspond to the text?,8,5
12,Ed Sci Exp 1 Teacher Chinese,143,2025-09-02T04:07:24.567304+00:00,139,shuai,326,"Secret Agent Samantha Loves Set Expressions (gpt-image-1, gpt-5, Chinese glosses)",/accounts/public_content/326/,149,PAGE,1,How well does the image correspond to the text?,9,5
12,Ed Sci Exp 1 Teacher Chinese,143,2025-09-02T04:07:24.567304+00:00,139,shuai,326,"Secret Agent Samantha Loves Set Expressions (gpt-image-1, gpt-5, Chinese glosses)",/accounts/public_content/326/,149,PAGE,1,How well does the image correspond to the text?,10,4
12,Ed Sci Exp 1 Teacher Chinese,143,2025-09-02T04:07:24.567304+00:00,139,shuai,326,"Secret Agent Samantha Loves Set Expressions (gpt-image-1, gpt-5, Chinese glosses)",/accounts/public_content/326/,149,PAGE,1,How well does the image correspond to the text?,11,5
12,Ed Sci Exp 1 Teacher Chinese,143,2025-09-02T04:07:24.567304+00:00,139,shuai,326,"Secret Agent Samantha Loves Set Expressions (gpt-image-1, gpt-5, Chinese glosses)",/accounts/public_content/326/,149,PAGE,1,How well does the image correspond to the text?,12,5
12,Ed Sci Exp 1 Teacher Chinese,143,2025-09-02T04:07:24.567304+00:00,139,shuai,326,"Secret Agent Samantha Loves Set Expressions (gpt-image-1, gpt-5, Chinese glosses)",/accounts/public_content/326/,149,PAGE,1,How well does the image correspond to the text?,13,5
12,Ed Sci Exp 1 Teacher Chinese,143,2025-09-02T04:07:24.567304+00:00,139,shuai,326,"Secret Agent Samantha Loves Set Expressions (gpt-image-1, gpt-5, Chinese glosses)",/accounts/public_content/326/,149,PAGE,1,How well does the image correspond to the text?,14,5
12,Ed Sci Exp 1 Teacher Chinese,143,2025-09-02T04:07:24.567304+00:00,139,shuai,326,"Secret Agent Samantha Loves Set Expressions (gpt-image-1, gpt-5, Chinese glosses)",/accounts/public_content/326/,149,PAGE,1,How well does the image correspond to the text?,15,4
12,Ed Sci Exp 1 Teacher Chinese,143,2025-09-02T04:07:24.567304+00:00,139,shuai,326,"Secret Agent Samantha Loves Set Expressions (gpt-image-1, gpt-5, Chinese glosses)",/accounts/public_content/326/,149,PAGE,1,How well does the image correspond to the text?,16,5
12,Ed Sci Exp 1 Teacher Chinese,143,2025-09-02T04:07:24.567304+00:00,139,shuai,326,"Secret Agent Samantha Loves Set Expressions (gpt-image-1, gpt-5, Chinese glosses)",/accounts/public_content/326/,149,PAGE,1,How well does the image correspond to the text?,17,5
12,Ed Sci Exp 1 Teacher Chinese,143,2025-09-02T04:07:24.567304+00:00,139,shuai,326,"Secret Agent Samantha Loves Set Expressions (gpt-image-1, gpt-5, Chinese glosses)",/accounts/public_content/326/,149,PAGE,1,How well does the image correspond to the text?,18,4
12,Ed Sci Exp 1 Teacher Chinese,143,2025-09-02T04:07:24.567304+00:00,139,shuai,326,"Secret Agent Samantha Loves Set Expressions (gpt-image-1, gpt-5, Chinese glosses)",/accounts/public_content/326/,149,PAGE,1,How well does the image correspond to the text?,19,5
12,Ed Sci Exp 1 Teacher Chinese,143,2025-09-02T04:07:24.567304+00:00,139,shuai,326,"Secret Agent Samantha Loves Set Expressions (gpt-image-1, gpt-5, Chinese glosses)",/accounts/public_content/326/,149,PAGE,1,How well does the image correspond to the text?,20,4
12,Ed Sci Exp 1 Teacher Chinese,143,2025-09-02T04:07:24.567304+00:00,139,shuai,326,"Secret Agent Samantha Loves Set Expressions (gpt-image-1, gpt-5, Chinese glosses)",/accounts/public_content/326/,149,PAGE,1,How well does the image correspond to the text?,21,5
12,Ed Sci Exp 1 Teacher Chinese,143,2025-09-02T04:07:24.567304+00:00,139,shuai,326,"Secret Agent Samantha Loves Set Expressions (gpt-image-1, gpt-5, Chinese glosses)",/accounts/public_content/326/,150,PAGE,2,How accurate are the glosses?,1,5
12,Ed Sci Exp 1 Teacher Chinese,143,2025-09-02T04:07:24.567304+00:00,139,shuai,326,"Secret Agent Samantha Loves Set Expressions (gpt-image-1, gpt-5, Chinese glosses)",/accounts/public_content/326/,150,PAGE,2,How accurate are the glosses?,2,5
12,Ed Sci Exp 1 Teacher Chinese,143,2025-09-02T04:07:24.567304+00:00,139,shuai,326,"Secret Agent Samantha Loves Set Expressions (gpt-image-1, gpt-5, Chinese glosses)",/accounts/public_content/326/,150,PAGE,2,How accurate are the glosses?,3,4
12,Ed Sci Exp 1 Teacher Chinese,143,2025-09-02T04:07:24.567304+00:00,139,shuai,326,"Secret Agent Samantha Loves Set Expressions (gpt-image-1, gpt-5, Chinese glosses)",/accounts/public_content/326/,150,PAGE,2,How accurate are the glosses?,4,4
12,Ed Sci Exp 1 Teacher Chinese,143,2025-09-02T04:07:24.567304+00:00,139,shuai,326,"Secret Agent Samantha Loves Set Expressions (gpt-image-1, gpt-5, Chinese glosses)",/accounts/public_content/326/,150,PAGE,2,How accurate are the glosses?,5,4
12,Ed Sci Exp 1 Teacher Chinese,143,2025-09-02T04:07:24.567304+00:00,139,shuai,326,"Secret Agent Samantha Loves Set Expressions (gpt-image-1, gpt-5, Chinese glosses)",/accounts/public_content/326/,150,PAGE,2,How accurate are the glosses?,6,5
12,Ed Sci Exp 1 Teacher Chinese,143,2025-09-02T04:07:24.567304+00:00,139,shuai,326,"Secret Agent Samantha Loves Set Expressions (gpt-image-1, gpt-5, Chinese glosses)",/accounts/public_content/326/,150,PAGE,2,How accurate are the glosses?,7,4
12,Ed Sci Exp 1 Teacher Chinese,143,2025-09-02T04:07:24.567304+00:00,139,shuai,326,"Secret Agent Samantha Loves Set Expressions (gpt-image-1, gpt-5, Chinese glosses)",/accounts/public_content/326/,150,PAGE,2,How accurate are the glosses?,8,4
12,Ed Sci Exp 1 Teacher Chinese,143,2025-09-02T04:07:24.567304+00:00,139,shuai,326,"Secret Agent Samantha Loves Set Expressions (gpt-image-1, gpt-5, Chinese glosses)",/accounts/public_content/326/,150,PAGE,2,How accurate are the glosses?,9,5
12,Ed Sci Exp 1 Teacher Chinese,143,2025-09-02T04:07:24.567304+00:00,139,shuai,326,"Secret Agent Samantha Loves Set Expressions (gpt-image-1, gpt-5, Chinese glosses)",/accounts/public_content/326/,150,PAGE,2,How accurate are the glosses?,10,5
12,Ed Sci Exp 1 Teacher Chinese,143,2025-09-02T04:07:24.567304+00:00,139,shuai,326,"Secret Agent Samantha Loves Set Expressions (gpt-image-1, gpt-5, Chinese glosses)",/accounts/public_content/326/,150,PAGE,2,How accurate are the glosses?,11,5
12,Ed Sci Exp 1 Teacher Chinese,143,2025-09-02T04:07:24.567304+00:00,139,shuai,326,"Secret Agent Samantha Loves Set Expressions (gpt-image-1, gpt-5, Chinese glosses)",/accounts/public_content/326/,150,PAGE,2,How accurate are the glosses?,12,5
12,Ed Sci Exp 1 Teacher Chinese,143,2025-09-02T04:07:24.567304+00:00,139,shuai,326,"Secret Agent Samantha Loves Set Expressions (gpt-image-1, gpt-5, Chinese glosses)",/accounts/public_content/326/,150,PAGE,2,How accurate are the glosses?,13,5
12,Ed Sci Exp 1 Teacher Chinese,143,2025-09-02T04:07:24.567304+00:00,139,shuai,326,"Secret Agent Samantha Loves Set Expressions (gpt-image-1, gpt-5, Chinese glosses)",/accounts/public_content/326/,150,PAGE,2,How accurate are the glosses?,14,4
12,Ed Sci Exp 1 Teacher Chinese,143,2025-09-02T04:07:24.567304+00:00,139,shuai,326,"Secret Agent Samantha Loves Set Expressions (gpt-image-1, gpt-5, Chinese glosses)",/accounts/public_content/326/,150,PAGE,2,How accurate are the glosses?,15,5
12,Ed Sci Exp 1 Teacher Chinese,143,2025-09-02T04:07:24.567304+00:00,139,shuai,326,"Secret Agent Samantha Loves Set Expressions (gpt-image-1, gpt-5, Chinese glosses)",/accounts/public_content/326/,150,PAGE,2,How accurate are the glosses?,16,4
12,Ed Sci Exp 1 Teacher Chinese,143,2025-09-02T04:07:24.567304+00:00,139,shuai,326,"Secret Agent Samantha Loves Set Expressions (gpt-image-1, gpt-5, Chinese glosses)",/accounts/public_content/326/,150,PAGE,2,How accurate are the glosses?,17,5
12,Ed Sci Exp 1 Teacher Chinese,143,2025-09-02T04:07:24.567304+00:00,139,shuai,326,"Secret Agent Samantha Loves Set Expressions (gpt-image-1, gpt-5, Chinese glosses)",/accounts/public_content/326/,150,PAGE,2,How accurate are the glosses?,18,4
12,Ed Sci Exp 1 Teacher Chinese,143,2025-09-02T04:07:24.567304+00:00,139,shuai,326,"Secret Agent Samantha Loves Set Expressions (gpt-image-1, gpt-5, Chinese glosses)",/accounts/public_content/326/,150,PAGE,2,How accurate are the glosses?,19,5
12,Ed Sci Exp 1 Teacher Chinese,143,2025-09-02T04:07:24.567304+00:00,139,shuai,326,"Secret Agent Samantha Loves Set Expressions (gpt-image-1, gpt-5, Chinese glosses)",/accounts/public_content/326/,150,PAGE,2,How accurate are the glosses?,20,5
12,Ed Sci Exp 1 Teacher Chinese,143,2025-09-02T04:07:24.567304+00:00,139,shuai,326,"Secret Agent Samantha Loves Set Expressions (gpt-image-1, gpt-5, Chinese glosses)",/accounts/public_content/326/,150,PAGE,2,How accurate are the glosses?,21,5
12,Ed Sci Exp 1 Teacher Chinese,143,2025-09-02T04:07:24.567304+00:00,139,shuai,326,"Secret Agent Samantha Loves Set Expressions (gpt-image-1, gpt-5, Chinese glosses)",/accounts/public_content/326/,151,PAGE,3,How accurate are the translations?,1,5
12,Ed Sci Exp 1 Teacher Chinese,143,2025-09-02T04:07:24.567304+00:00,139,shuai,326,"Secret Agent Samantha Loves Set Expressions (gpt-image-1, gpt-5, Chinese glosses)",/accounts/public_content/326/,151,PAGE,3,How accurate are the translations?,2,5
12,Ed Sci Exp 1 Teacher Chinese,143,2025-09-02T04:07:24.567304+00:00,139,shuai,326,"Secret Agent Samantha Loves Set Expressions (gpt-image-1, gpt-5, Chinese glosses)",/accounts/public_content/326/,151,PAGE,3,How accurate are the translations?,3,5
12,Ed Sci Exp 1 Teacher Chinese,143,2025-09-02T04:07:24.567304+00:00,139,shuai,326,"Secret Agent Samantha Loves Set Expressions (gpt-image-1, gpt-5, Chinese glosses)",/accounts/public_content/326/,151,PAGE,3,How accurate are the translations?,4,5
12,Ed Sci Exp 1 Teacher Chinese,143,2025-09-02T04:07:24.567304+00:00,139,shuai,326,"Secret Agent Samantha Loves Set Expressions (gpt-image-1, gpt-5, Chinese glosses)",/accounts/public_content/326/,151,PAGE,3,How accurate are the translations?,5,5
12,Ed Sci Exp 1 Teacher Chinese,143,2025-09-02T04:07:24.567304+00:00,139,shuai,326,"Secret Agent Samantha Loves Set Expressions (gpt-image-1, gpt-5, Chinese glosses)",/accounts/public_content/326/,151,PAGE,3,How accurate are the translations?,6,5
12,Ed Sci Exp 1 Teacher Chinese,143,2025-09-02T04:07:24.567304+00:00,139,shuai,326,"Secret Agent Samantha Loves Set Expressions (gpt-image-1, gpt-5, Chinese glosses)",/accounts/public_content/326/,151,PAGE,3,How accurate are the translations?,7,5
12,Ed Sci Exp 1 Teacher Chinese,143,2025-09-02T04:07:24.567304+00:00,139,shuai,326,"Secret Agent Samantha Loves Set Expressions (gpt-image-1, gpt-5, Chinese glosses)",/accounts/public_content/326/,151,PAGE,3,How accurate are the translations?,8,5
12,Ed Sci Exp 1 Teacher Chinese,143,2025-09-02T04:07:24.567304+00:00,139,shuai,326,"Secret Agent Samantha Loves Set Expressions (gpt-image-1, gpt-5, Chinese glosses)",/accounts/public_content/326/,151,PAGE,3,How accurate are the translations?,9,5
12,Ed Sci Exp 1 Teacher Chinese,143,2025-09-02T04:07:24.567304+00:00,139,shuai,326,"Secret Agent Samantha Loves Set Expressions (gpt-image-1, gpt-5, Chinese glosses)",/accounts/public_content/326/,151,PAGE,3,How accurate are the translations?,10,5
12,Ed Sci Exp 1 Teacher Chinese,143,2025-09-02T04:07:24.567304+00:00,139,shuai,326,"Secret Agent Samantha Loves Set Expressions (gpt-image-1, gpt-5, Chinese glosses)",/accounts/public_content/326/,151,PAGE,3,How accurate are the translations?,11,5
12,Ed Sci Exp 1 Teacher Chinese,143,2025-09-02T04:07:24.567304+00:00,139,shuai,326,"Secret Agent Samantha Loves Set Expressions (gpt-image-1, gpt-5, Chinese glosses)",/accounts/public_content/326/,151,PAGE,3,How accurate are the translations?,12,5
12,Ed Sci Exp 1 Teacher Chinese,143,2025-09-02T04:07:24.567304+00:00,139,shuai,326,"Secret Agent Samantha Loves Set Expressions (gpt-image-1, gpt-5, Chinese glosses)",/accounts/public_content/326/,151,PAGE,3,How accurate are the translations?,13,5
12,Ed Sci Exp 1 Teacher Chinese,143,2025-09-02T04:07:24.567304+00:00,139,shuai,326,"Secret Agent Samantha Loves Set Expressions (gpt-image-1, gpt-5, Chinese glosses)",/accounts/public_content/326/,151,PAGE,3,How accurate are the translations?,14,5
12,Ed Sci Exp 1 Teacher Chinese,143,2025-09-02T04:07:24.567304+00:00,139,shuai,326,"Secret Agent Samantha Loves Set Expressions (gpt-image-1, gpt-5, Chinese glosses)",/accounts/public_content/326/,151,PAGE,3,How accurate are the translations?,15,5
12,Ed Sci Exp 1 Teacher Chinese,143,2025-09-02T04:07:24.567304+00:00,139,shuai,326,"Secret Agent Samantha Loves Set Expressions (gpt-image-1, gpt-5, Chinese glosses)",/accounts/public_content/326/,151,PAGE,3,How accurate are the translations?,16,5
12,Ed Sci Exp 1 Teacher Chinese,143,2025-09-02T04:07:24.567304+00:00,139,shuai,326,"Secret Agent Samantha Loves Set Expressions (gpt-image-1, gpt-5, Chinese glosses)",/accounts/public_content/326/,151,PAGE,3,How accurate are the translations?,17,5
12,Ed Sci Exp 1 Teacher Chinese,143,2025-09-02T04:07:24.567304+00:00,139,shuai,326,"Secret Agent Samantha Loves Set Expressions (gpt-image-1, gpt-5, Chinese glosses)",/accounts/public_content/326/,151,PAGE,3,How accurate are the translations?,18,5
12,Ed Sci Exp 1 Teacher Chinese,143,2025-09-02T04:07:24.567304+00:00,139,shuai,326,"Secret Agent Samantha Loves Set Expressions (gpt-image-1, gpt-5, Chinese glosses)",/accounts/public_content/326/,151,PAGE,3,How accurate are the translations?,19,5
12,Ed Sci Exp 1 Teacher Chinese,143,2025-09-02T04:07:24.567304+00:00,139,shuai,326,"Secret Agent Samantha Loves Set Expressions (gpt-image-1, gpt-5, Chinese glosses)",/accounts/public_content/326/,151,PAGE,3,How accurate are the translations?,20,5
12,Ed Sci Exp 1 Teacher Chinese,143,2025-09-02T04:07:24.567304+00:00,139,shuai,326,"Secret Agent Samantha Loves Set Expressions (gpt-image-1, gpt-5, Chinese glosses)",/accounts/public_content/326/,151,PAGE,3,How accurate are the translations?,21,5
12,Ed Sci Exp 1 Teacher Chinese,119,2025-08-30T11:47:58.357491+00:00,126,yaochunlin,327,"Report 3 EN Typical Day (gpt-image-1, gpt-5, Chinese glosses)",/accounts/public_content/327/,129,BOOK,1,How consistent is the style of the images overall?,,5
12,Ed Sci Exp 1 Teacher Chinese,119,2025-08-30T11:47:58.357491+00:00,126,yaochunlin,327,"Report 3 EN Typical Day (gpt-image-1, gpt-5, Chinese glosses)",/accounts/public_content/327/,130,BOOK,2,How consistent is the appearance of the elements overall?,,4
12,Ed Sci Exp 1 Teacher Chinese,119,2025-08-30T11:47:58.357491+00:00,126,yaochunlin,327,"Report 3 EN Typical Day (gpt-image-1, gpt-5, Chinese glosses)",/accounts/public_content/327/,131,BOOK,3,How culturally appropriate are the images to the relevant culture?,,4
12,Ed Sci Exp 1 Teacher Chinese,119,2025-08-30T11:47:58.357491+00:00,126,yaochunlin,327,"Report 3 EN Typical Day (gpt-image-1, gpt-5, Chinese glosses)",/accounts/public_content/327/,132,BOOK,4,How visually appealing do you find the images overall?,,4
12,Ed Sci Exp 1 Teacher Chinese,119,2025-08-30T11:47:58.357491+00:00,126,yaochunlin,327,"Report 3 EN Typical Day (gpt-image-1, gpt-5, Chinese glosses)",/accounts/public_content/327/,149,PAGE,1,How well does the image correspond to the text?,1,5
12,Ed Sci Exp 1 Teacher Chinese,119,2025-08-30T11:47:58.357491+00:00,126,yaochunlin,327,"Report 3 EN Typical Day (gpt-image-1, gpt-5, Chinese glosses)",/accounts/public_content/327/,149,PAGE,1,How well does the image correspond to the text?,2,5
12,Ed Sci Exp 1 Teacher Chinese,119,2025-08-30T11:47:58.357491+00:00,126,yaochunlin,327,"Report 3 EN Typical Day (gpt-image-1, gpt-5, Chinese glosses)",/accounts/public_content/327/,149,PAGE,1,How well does the image correspond to the text?,3,5
12,Ed Sci Exp 1 Teacher Chinese,119,2025-08-30T11:47:58.357491+00:00,126,yaochunlin,327,"Report 3 EN Typical Day (gpt-image-1, gpt-5, Chinese glosses)",/accounts/public_content/327/,149,PAGE,1,How well does the image correspond to the text?,4,4
12,Ed Sci Exp 1 Teacher Chinese,119,2025-08-30T11:47:58.357491+00:00,126,yaochunlin,327,"Report 3 EN Typical Day (gpt-image-1, gpt-5, Chinese glosses)",/accounts/public_content/327/,149,PAGE,1,How well does the image correspond to the text?,5,4
12,Ed Sci Exp 1 Teacher Chinese,119,2025-08-30T11:47:58.357491+00:00,126,yaochunlin,327,"Report 3 EN Typical Day (gpt-image-1, gpt-5, Chinese glosses)",/accounts/public_content/327/,149,PAGE,1,How well does the image correspond to the text?,6,5
12,Ed Sci Exp 1 Teacher Chinese,119,2025-08-30T11:47:58.357491+00:00,126,yaochunlin,327,"Report 3 EN Typical Day (gpt-image-1, gpt-5, Chinese glosses)",/accounts/public_content/327/,149,PAGE,1,How well does the image correspond to the text?,7,5
12,Ed Sci Exp 1 Teacher Chinese,119,2025-08-30T11:47:58.357491+00:00,126,yaochunlin,327,"Report 3 EN Typical Day (gpt-image-1, gpt-5, Chinese glosses)",/accounts/public_content/327/,149,PAGE,1,How well does the image correspond to the text?,8,5
12,Ed Sci Exp 1 Teacher Chinese,119,2025-08-30T11:47:58.357491+00:00,126,yaochunlin,327,"Report 3 EN Typical Day (gpt-image-1, gpt-5, Chinese glosses)",/accounts/public_content/327/,149,PAGE,1,How well does the image correspond to the text?,9,5
12,Ed Sci Exp 1 Teacher Chinese,119,2025-08-30T11:47:58.357491+00:00,126,yaochunlin,327,"Report 3 EN Typical Day (gpt-image-1, gpt-5, Chinese glosses)",/accounts/public_content/327/,149,PAGE,1,How well does the image correspond to the text?,10,5
12,Ed Sci Exp 1 Teacher Chinese,119,2025-08-30T11:47:58.357491+00:00,126,yaochunlin,327,"Report 3 EN Typical Day (gpt-image-1, gpt-5, Chinese glosses)",/accounts/public_content/327/,149,PAGE,1,How well does the image correspond to the text?,11,5
12,Ed Sci Exp 1 Teacher Chinese,119,2025-08-30T11:47:58.357491+00:00,126,yaochunlin,327,"Report 3 EN Typical Day (gpt-image-1, gpt-5, Chinese glosses)",/accounts/public_content/327/,149,PAGE,1,How well does the image correspond to the text?,12,5
12,Ed Sci Exp 1 Teacher Chinese,119,2025-08-30T11:47:58.357491+00:00,126,yaochunlin,327,"Report 3 EN Typical Day (gpt-image-1, gpt-5, Chinese glosses)",/accounts/public_content/327/,149,PAGE,1,How well does the image correspond to the text?,13,5
12,Ed Sci Exp 1 Teacher Chinese,119,2025-08-30T11:47:58.357491+00:00,126,yaochunlin,327,"Report 3 EN Typical Day (gpt-image-1, gpt-5, Chinese glosses)",/accounts/public_content/327/,150,PAGE,2,How accurate are the glosses?,1,4
12,Ed Sci Exp 1 Teacher Chinese,119,2025-08-30T11:47:58.357491+00:00,126,yaochunlin,327,"Report 3 EN Typical Day (gpt-image-1, gpt-5, Chinese glosses)",/accounts/public_content/327/,150,PAGE,2,How accurate are the glosses?,2,4
12,Ed Sci Exp 1 Teacher Chinese,119,2025-08-30T11:47:58.357491+00:00,126,yaochunlin,327,"Report 3 EN Typical Day (gpt-image-1, gpt-5, Chinese glosses)",/accounts/public_content/327/,150,PAGE,2,How accurate are the glosses?,3,4
12,Ed Sci Exp 1 Teacher Chinese,119,2025-08-30T11:47:58.357491+00:00,126,yaochunlin,327,"Report 3 EN Typical Day (gpt-image-1, gpt-5, Chinese glosses)",/accounts/public_content/327/,150,PAGE,2,How accurate are the glosses?,4,5
12,Ed Sci Exp 1 Teacher Chinese,119,2025-08-30T11:47:58.357491+00:00,126,yaochunlin,327,"Report 3 EN Typical Day (gpt-image-1, gpt-5, Chinese glosses)",/accounts/public_content/327/,150,PAGE,2,How accurate are the glosses?,5,5
12,Ed Sci Exp 1 Teacher Chinese,119,2025-08-30T11:47:58.357491+00:00,126,yaochunlin,327,"Report 3 EN Typical Day (gpt-image-1, gpt-5, Chinese glosses)",/accounts/public_content/327/,150,PAGE,2,How accurate are the glosses?,6,4
12,Ed Sci Exp 1 Teacher Chinese,119,2025-08-30T11:47:58.357491+00:00,126,yaochunlin,327,"Report 3 EN Typical Day (gpt-image-1, gpt-5, Chinese glosses)",/accounts/public_content/327/,150,PAGE,2,How accurate are the glosses?,7,4
12,Ed Sci Exp 1 Teacher Chinese,119,2025-08-30T11:47:58.357491+00:00,126,yaochunlin,327,"Report 3 EN Typical Day (gpt-image-1, gpt-5, Chinese glosses)",/accounts/public_content/327/,150,PAGE,2,How accurate are the glosses?,8,4
12,Ed Sci Exp 1 Teacher Chinese,119,2025-08-30T11:47:58.357491+00:00,126,yaochunlin,327,"Report 3 EN Typical Day (gpt-image-1, gpt-5, Chinese glosses)",/accounts/public_content/327/,150,PAGE,2,How accurate are the glosses?,9,5
12,Ed Sci Exp 1 Teacher Chinese,119,2025-08-30T11:47:58.357491+00:00,126,yaochunlin,327,"Report 3 EN Typical Day (gpt-image-1, gpt-5, Chinese glosses)",/accounts/public_content/327/,150,PAGE,2,How accurate are the glosses?,10,5
12,Ed Sci Exp 1 Teacher Chinese,119,2025-08-30T11:47:58.357491+00:00,126,yaochunlin,327,"Report 3 EN Typical Day (gpt-image-1, gpt-5, Chinese glosses)",/accounts/public_content/327/,150,PAGE,2,How accurate are the glosses?,11,5
12,Ed Sci Exp 1 Teacher Chinese,119,2025-08-30T11:47:58.357491+00:00,126,yaochunlin,327,"Report 3 EN Typical Day (gpt-image-1, gpt-5, Chinese glosses)",/accounts/public_content/327/,150,PAGE,2,How accurate are the glosses?,12,5
12,Ed Sci Exp 1 Teacher Chinese,119,2025-08-30T11:47:58.357491+00:00,126,yaochunlin,327,"Report 3 EN Typical Day (gpt-image-1, gpt-5, Chinese glosses)",/accounts/public_content/327/,150,PAGE,2,How accurate are the glosses?,13,5
12,Ed Sci Exp 1 Teacher Chinese,119,2025-08-30T11:47:58.357491+00:00,126,yaochunlin,327,"Report 3 EN Typical Day (gpt-image-1, gpt-5, Chinese glosses)",/accounts/public_content/327/,151,PAGE,3,How accurate are the translations?,1,5
12,Ed Sci Exp 1 Teacher Chinese,119,2025-08-30T11:47:58.357491+00:00,126,yaochunlin,327,"Report 3 EN Typical Day (gpt-image-1, gpt-5, Chinese glosses)",/accounts/public_content/327/,151,PAGE,3,How accurate are the translations?,2,4
12,Ed Sci Exp 1 Teacher Chinese,119,2025-08-30T11:47:58.357491+00:00,126,yaochunlin,327,"Report 3 EN Typical Day (gpt-image-1, gpt-5, Chinese glosses)",/accounts/public_content/327/,151,PAGE,3,How accurate are the translations?,3,5
12,Ed Sci Exp 1 Teacher Chinese,119,2025-08-30T11:47:58.357491+00:00,126,yaochunlin,327,"Report 3 EN Typical Day (gpt-image-1, gpt-5, Chinese glosses)",/accounts/public_content/327/,151,PAGE,3,How accurate are the translations?,4,4
12,Ed Sci Exp 1 Teacher Chinese,119,2025-08-30T11:47:58.357491+00:00,126,yaochunlin,327,"Report 3 EN Typical Day (gpt-image-1, gpt-5, Chinese glosses)",/accounts/public_content/327/,151,PAGE,3,How accurate are the translations?,5,4
12,Ed Sci Exp 1 Teacher Chinese,119,2025-08-30T11:47:58.357491+00:00,126,yaochunlin,327,"Report 3 EN Typical Day (gpt-image-1, gpt-5, Chinese glosses)",/accounts/public_content/327/,151,PAGE,3,How accurate are the translations?,6,5
12,Ed Sci Exp 1 Teacher Chinese,119,2025-08-30T11:47:58.357491+00:00,126,yaochunlin,327,"Report 3 EN Typical Day (gpt-image-1, gpt-5, Chinese glosses)",/accounts/public_content/327/,151,PAGE,3,How accurate are the translations?,7,5
12,Ed Sci Exp 1 Teacher Chinese,119,2025-08-30T11:47:58.357491+00:00,126,yaochunlin,327,"Report 3 EN Typical Day (gpt-image-1, gpt-5, Chinese glosses)",/accounts/public_content/327/,151,PAGE,3,How accurate are the translations?,8,4
12,Ed Sci Exp 1 Teacher Chinese,119,2025-08-30T11:47:58.357491+00:00,126,yaochunlin,327,"Report 3 EN Typical Day (gpt-image-1, gpt-5, Chinese glosses)",/accounts/public_content/327/,151,PAGE,3,How accurate are the translations?,9,5
12,Ed Sci Exp 1 Teacher Chinese,119,2025-08-30T11:47:58.357491+00:00,126,yaochunlin,327,"Report 3 EN Typical Day (gpt-image-1, gpt-5, Chinese glosses)",/accounts/public_content/327/,151,PAGE,3,How accurate are the translations?,10,5
12,Ed Sci Exp 1 Teacher Chinese,119,2025-08-30T11:47:58.357491+00:00,126,yaochunlin,327,"Report 3 EN Typical Day (gpt-image-1, gpt-5, Chinese glosses)",/accounts/public_content/327/,151,PAGE,3,How accurate are the translations?,11,5
12,Ed Sci Exp 1 Teacher Chinese,119,2025-08-30T11:47:58.357491+00:00,126,yaochunlin,327,"Report 3 EN Typical Day (gpt-image-1, gpt-5, Chinese glosses)",/accounts/public_content/327/,151,PAGE,3,How accurate are the translations?,12,5
12,Ed Sci Exp 1 Teacher Chinese,119,2025-08-30T11:47:58.357491+00:00,126,yaochunlin,327,"Report 3 EN Typical Day (gpt-image-1, gpt-5, Chinese glosses)",/accounts/public_content/327/,151,PAGE,3,How accurate are the translations?,13,5
12,Ed Sci Exp 1 Teacher Chinese,126,2025-09-02T02:10:04.657889+00:00,136,zhangyan,327,"Report 3 EN Typical Day (gpt-image-1, gpt-5, Chinese glosses)",/accounts/public_content/327/,129,BOOK,1,How consistent is the style of the images overall?,,5
12,Ed Sci Exp 1 Teacher Chinese,126,2025-09-02T02:10:04.657889+00:00,136,zhangyan,327,"Report 3 EN Typical Day (gpt-image-1, gpt-5, Chinese glosses)",/accounts/public_content/327/,130,BOOK,2,How consistent is the appearance of the elements overall?,,4
12,Ed Sci Exp 1 Teacher Chinese,126,2025-09-02T02:10:04.657889+00:00,136,zhangyan,327,"Report 3 EN Typical Day (gpt-image-1, gpt-5, Chinese glosses)",/accounts/public_content/327/,131,BOOK,3,How culturally appropriate are the images to the relevant culture?,,4
12,Ed Sci Exp 1 Teacher Chinese,126,2025-09-02T02:10:04.657889+00:00,136,zhangyan,327,"Report 3 EN Typical Day (gpt-image-1, gpt-5, Chinese glosses)",/accounts/public_content/327/,132,BOOK,4,How visually appealing do you find the images overall?,,4
12,Ed Sci Exp 1 Teacher Chinese,126,2025-09-02T02:10:04.657889+00:00,136,zhangyan,327,"Report 3 EN Typical Day (gpt-image-1, gpt-5, Chinese glosses)",/accounts/public_content/327/,149,PAGE,1,How well does the image correspond to the text?,1,4
12,Ed Sci Exp 1 Teacher Chinese,126,2025-09-02T02:10:04.657889+00:00,136,zhangyan,327,"Report 3 EN Typical Day (gpt-image-1, gpt-5, Chinese glosses)",/accounts/public_content/327/,149,PAGE,1,How well does the image correspond to the text?,2,5
12,Ed Sci Exp 1 Teacher Chinese,126,2025-09-02T02:10:04.657889+00:00,136,zhangyan,327,"Report 3 EN Typical Day (gpt-image-1, gpt-5, Chinese glosses)",/accounts/public_content/327/,149,PAGE,1,How well does the image correspond to the text?,3,4
12,Ed Sci Exp 1 Teacher Chinese,126,2025-09-02T02:10:04.657889+00:00,136,zhangyan,327,"Report 3 EN Typical Day (gpt-image-1, gpt-5, Chinese glosses)",/accounts/public_content/327/,149,PAGE,1,How well does the image correspond to the text?,4,5
12,Ed Sci Exp 1 Teacher Chinese,126,2025-09-02T02:10:04.657889+00:00,136,zhangyan,327,"Report 3 EN Typical Day (gpt-image-1, gpt-5, Chinese glosses)",/accounts/public_content/327/,149,PAGE,1,How well does the image correspond to the text?,5,5
12,Ed Sci Exp 1 Teacher Chinese,126,2025-09-02T02:10:04.657889+00:00,136,zhangyan,327,"Report 3 EN Typical Day (gpt-image-1, gpt-5, Chinese glosses)",/accounts/public_content/327/,149,PAGE,1,How well does the image correspond to the text?,6,4
12,Ed Sci Exp 1 Teacher Chinese,126,2025-09-02T02:10:04.657889+00:00,136,zhangyan,327,"Report 3 EN Typical Day (gpt-image-1, gpt-5, Chinese glosses)",/accounts/public_content/327/,149,PAGE,1,How well does the image correspond to the text?,7,5
12,Ed Sci Exp 1 Teacher Chinese,126,2025-09-02T02:10:04.657889+00:00,136,zhangyan,327,"Report 3 EN Typical Day (gpt-image-1, gpt-5, Chinese glosses)",/accounts/public_content/327/,149,PAGE,1,How well does the image correspond to the text?,8,5
12,Ed Sci Exp 1 Teacher Chinese,126,2025-09-02T02:10:04.657889+00:00,136,zhangyan,327,"Report 3 EN Typical Day (gpt-image-1, gpt-5, Chinese glosses)",/accounts/public_content/327/,149,PAGE,1,How well does the image correspond to the text?,9,5
12,Ed Sci Exp 1 Teacher Chinese,126,2025-09-02T02:10:04.657889+00:00,136,zhangyan,327,"Report 3 EN Typical Day (gpt-image-1, gpt-5, Chinese glosses)",/accounts/public_content/327/,149,PAGE,1,How well does the image correspond to the text?,10,5
12,Ed Sci Exp 1 Teacher Chinese,126,2025-09-02T02:10:04.657889+00:00,136,zhangyan,327,"Report 3 EN Typical Day (gpt-image-1, gpt-5, Chinese glosses)",/accounts/public_content/327/,149,PAGE,1,How well does the image correspond to the text?,11,4
12,Ed Sci Exp 1 Teacher Chinese,126,2025-09-02T02:10:04.657889+00:00,136,zhangyan,327,"Report 3 EN Typical Day (gpt-image-1, gpt-5, Chinese glosses)",/accounts/public_content/327/,149,PAGE,1,How well does the image correspond to the text?,12,5
12,Ed Sci Exp 1 Teacher Chinese,126,2025-09-02T02:10:04.657889+00:00,136,zhangyan,327,"Report 3 EN Typical Day (gpt-image-1, gpt-5, Chinese glosses)",/accounts/public_content/327/,149,PAGE,1,How well does the image correspond to the text?,13,5
12,Ed Sci Exp 1 Teacher Chinese,126,2025-09-02T02:10:04.657889+00:00,136,zhangyan,327,"Report 3 EN Typical Day (gpt-image-1, gpt-5, Chinese glosses)",/accounts/public_content/327/,150,PAGE,2,How accurate are the glosses?,1,4
12,Ed Sci Exp 1 Teacher Chinese,126,2025-09-02T02:10:04.657889+00:00,136,zhangyan,327,"Report 3 EN Typical Day (gpt-image-1, gpt-5, Chinese glosses)",/accounts/public_content/327/,150,PAGE,2,How accurate are the glosses?,2,4
12,Ed Sci Exp 1 Teacher Chinese,126,2025-09-02T02:10:04.657889+00:00,136,zhangyan,327,"Report 3 EN Typical Day (gpt-image-1, gpt-5, Chinese glosses)",/accounts/public_content/327/,150,PAGE,2,How accurate are the glosses?,3,5
12,Ed Sci Exp 1 Teacher Chinese,126,2025-09-02T02:10:04.657889+00:00,136,zhangyan,327,"Report 3 EN Typical Day (gpt-image-1, gpt-5, Chinese glosses)",/accounts/public_content/327/,150,PAGE,2,How accurate are the glosses?,4,4
12,Ed Sci Exp 1 Teacher Chinese,126,2025-09-02T02:10:04.657889+00:00,136,zhangyan,327,"Report 3 EN Typical Day (gpt-image-1, gpt-5, Chinese glosses)",/accounts/public_content/327/,150,PAGE,2,How accurate are the glosses?,5,4
12,Ed Sci Exp 1 Teacher Chinese,126,2025-09-02T02:10:04.657889+00:00,136,zhangyan,327,"Report 3 EN Typical Day (gpt-image-1, gpt-5, Chinese glosses)",/accounts/public_content/327/,150,PAGE,2,How accurate are the glosses?,6,4
12,Ed Sci Exp 1 Teacher Chinese,126,2025-09-02T02:10:04.657889+00:00,136,zhangyan,327,"Report 3 EN Typical Day (gpt-image-1, gpt-5, Chinese glosses)",/accounts/public_content/327/,150,PAGE,2,How accurate are the glosses?,7,4
12,Ed Sci Exp 1 Teacher Chinese,126,2025-09-02T02:10:04.657889+00:00,136,zhangyan,327,"Report 3 EN Typical Day (gpt-image-1, gpt-5, Chinese glosses)",/accounts/public_content/327/,150,PAGE,2,How accurate are the glosses?,8,5
12,Ed Sci Exp 1 Teacher Chinese,126,2025-09-02T02:10:04.657889+00:00,136,zhangyan,327,"Report 3 EN Typical Day (gpt-image-1, gpt-5, Chinese glosses)",/accounts/public_content/327/,150,PAGE,2,How accurate are the glosses?,9,4
12,Ed Sci Exp 1 Teacher Chinese,126,2025-09-02T02:10:04.657889+00:00,136,zhangyan,327,"Report 3 EN Typical Day (gpt-image-1, gpt-5, Chinese glosses)",/accounts/public_content/327/,150,PAGE,2,How accurate are the glosses?,10,5
12,Ed Sci Exp 1 Teacher Chinese,126,2025-09-02T02:10:04.657889+00:00,136,zhangyan,327,"Report 3 EN Typical Day (gpt-image-1, gpt-5, Chinese glosses)",/accounts/public_content/327/,150,PAGE,2,How accurate are the glosses?,11,4
12,Ed Sci Exp 1 Teacher Chinese,126,2025-09-02T02:10:04.657889+00:00,136,zhangyan,327,"Report 3 EN Typical Day (gpt-image-1, gpt-5, Chinese glosses)",/accounts/public_content/327/,150,PAGE,2,How accurate are the glosses?,12,5
12,Ed Sci Exp 1 Teacher Chinese,126,2025-09-02T02:10:04.657889+00:00,136,zhangyan,327,"Report 3 EN Typical Day (gpt-image-1, gpt-5, Chinese glosses)",/accounts/public_content/327/,150,PAGE,2,How accurate are the glosses?,13,4
12,Ed Sci Exp 1 Teacher Chinese,126,2025-09-02T02:10:04.657889+00:00,136,zhangyan,327,"Report 3 EN Typical Day (gpt-image-1, gpt-5, Chinese glosses)",/accounts/public_content/327/,151,PAGE,3,How accurate are the translations?,1,5
12,Ed Sci Exp 1 Teacher Chinese,126,2025-09-02T02:10:04.657889+00:00,136,zhangyan,327,"Report 3 EN Typical Day (gpt-image-1, gpt-5, Chinese glosses)",/accounts/public_content/327/,151,PAGE,3,How accurate are the translations?,2,5
12,Ed Sci Exp 1 Teacher Chinese,126,2025-09-02T02:10:04.657889+00:00,136,zhangyan,327,"Report 3 EN Typical Day (gpt-image-1, gpt-5, Chinese glosses)",/accounts/public_content/327/,151,PAGE,3,How accurate are the translations?,3,5
12,Ed Sci Exp 1 Teacher Chinese,126,2025-09-02T02:10:04.657889+00:00,136,zhangyan,327,"Report 3 EN Typical Day (gpt-image-1, gpt-5, Chinese glosses)",/accounts/public_content/327/,151,PAGE,3,How accurate are the translations?,4,5
12,Ed Sci Exp 1 Teacher Chinese,126,2025-09-02T02:10:04.657889+00:00,136,zhangyan,327,"Report 3 EN Typical Day (gpt-image-1, gpt-5, Chinese glosses)",/accounts/public_content/327/,151,PAGE,3,How accurate are the translations?,5,5
12,Ed Sci Exp 1 Teacher Chinese,126,2025-09-02T02:10:04.657889+00:00,136,zhangyan,327,"Report 3 EN Typical Day (gpt-image-1, gpt-5, Chinese glosses)",/accounts/public_content/327/,151,PAGE,3,How accurate are the translations?,6,5
12,Ed Sci Exp 1 Teacher Chinese,126,2025-09-02T02:10:04.657889+00:00,136,zhangyan,327,"Report 3 EN Typical Day (gpt-image-1, gpt-5, Chinese glosses)",/accounts/public_content/327/,151,PAGE,3,How accurate are the translations?,7,4
12,Ed Sci Exp 1 Teacher Chinese,126,2025-09-02T02:10:04.657889+00:00,136,zhangyan,327,"Report 3 EN Typical Day (gpt-image-1, gpt-5, Chinese glosses)",/accounts/public_content/327/,151,PAGE,3,How accurate are the translations?,8,4
12,Ed Sci Exp 1 Teacher Chinese,126,2025-09-02T02:10:04.657889+00:00,136,zhangyan,327,"Report 3 EN Typical Day (gpt-image-1, gpt-5, Chinese glosses)",/accounts/public_content/327/,151,PAGE,3,How accurate are the translations?,9,4
12,Ed Sci Exp 1 Teacher Chinese,126,2025-09-02T02:10:04.657889+00:00,136,zhangyan,327,"Report 3 EN Typical Day (gpt-image-1, gpt-5, Chinese glosses)",/accounts/public_content/327/,151,PAGE,3,How accurate are the translations?,10,5
12,Ed Sci Exp 1 Teacher Chinese,126,2025-09-02T02:10:04.657889+00:00,136,zhangyan,327,"Report 3 EN Typical Day (gpt-image-1, gpt-5, Chinese glosses)",/accounts/public_content/327/,151,PAGE,3,How accurate are the translations?,11,5
12,Ed Sci Exp 1 Teacher Chinese,126,2025-09-02T02:10:04.657889+00:00,136,zhangyan,327,"Report 3 EN Typical Day (gpt-image-1, gpt-5, Chinese glosses)",/accounts/public_content/327/,151,PAGE,3,How accurate are the translations?,12,5
12,Ed Sci Exp 1 Teacher Chinese,126,2025-09-02T02:10:04.657889+00:00,136,zhangyan,327,"Report 3 EN Typical Day (gpt-image-1, gpt-5, Chinese glosses)",/accounts/public_content/327/,151,PAGE,3,How accurate are the translations?,13,4
12,Ed Sci Exp 1 Teacher Chinese,132,2025-09-02T02:45:31.944734+00:00,137,weiwei,327,"Report 3 EN Typical Day (gpt-image-1, gpt-5, Chinese glosses)",/accounts/public_content/327/,129,BOOK,1,How consistent is the style of the images overall?,,5
12,Ed Sci Exp 1 Teacher Chinese,132,2025-09-02T02:45:31.944734+00:00,137,weiwei,327,"Report 3 EN Typical Day (gpt-image-1, gpt-5, Chinese glosses)",/accounts/public_content/327/,130,BOOK,2,How consistent is the appearance of the elements overall?,,5
12,Ed Sci Exp 1 Teacher Chinese,132,2025-09-02T02:45:31.944734+00:00,137,weiwei,327,"Report 3 EN Typical Day (gpt-image-1, gpt-5, Chinese glosses)",/accounts/public_content/327/,131,BOOK,3,How culturally appropriate are the images to the relevant culture?,,4
12,Ed Sci Exp 1 Teacher Chinese,132,2025-09-02T02:45:31.944734+00:00,137,weiwei,327,"Report 3 EN Typical Day (gpt-image-1, gpt-5, Chinese glosses)",/accounts/public_content/327/,132,BOOK,4,How visually appealing do you find the images overall?,,5
12,Ed Sci Exp 1 Teacher Chinese,132,2025-09-02T02:45:31.944734+00:00,137,weiwei,327,"Report 3 EN Typical Day (gpt-image-1, gpt-5, Chinese glosses)",/accounts/public_content/327/,149,PAGE,1,How well does the image correspond to the text?,1,5
12,Ed Sci Exp 1 Teacher Chinese,132,2025-09-02T02:45:31.944734+00:00,137,weiwei,327,"Report 3 EN Typical Day (gpt-image-1, gpt-5, Chinese glosses)",/accounts/public_content/327/,149,PAGE,1,How well does the image correspond to the text?,2,5
12,Ed Sci Exp 1 Teacher Chinese,132,2025-09-02T02:45:31.944734+00:00,137,weiwei,327,"Report 3 EN Typical Day (gpt-image-1, gpt-5, Chinese glosses)",/accounts/public_content/327/,149,PAGE,1,How well does the image correspond to the text?,3,5
12,Ed Sci Exp 1 Teacher Chinese,132,2025-09-02T02:45:31.944734+00:00,137,weiwei,327,"Report 3 EN Typical Day (gpt-image-1, gpt-5, Chinese glosses)",/accounts/public_content/327/,149,PAGE,1,How well does the image correspond to the text?,4,5
12,Ed Sci Exp 1 Teacher Chinese,132,2025-09-02T02:45:31.944734+00:00,137,weiwei,327,"Report 3 EN Typical Day (gpt-image-1, gpt-5, Chinese glosses)",/accounts/public_content/327/,149,PAGE,1,How well does the image correspond to the text?,5,4
12,Ed Sci Exp 1 Teacher Chinese,132,2025-09-02T02:45:31.944734+00:00,137,weiwei,327,"Report 3 EN Typical Day (gpt-image-1, gpt-5, Chinese glosses)",/accounts/public_content/327/,149,PAGE,1,How well does the image correspond to the text?,6,5
12,Ed Sci Exp 1 Teacher Chinese,132,2025-09-02T02:45:31.944734+00:00,137,weiwei,327,"Report 3 EN Typical Day (gpt-image-1, gpt-5, Chinese glosses)",/accounts/public_content/327/,149,PAGE,1,How well does the image correspond to the text?,7,5
12,Ed Sci Exp 1 Teacher Chinese,132,2025-09-02T02:45:31.944734+00:00,137,weiwei,327,"Report 3 EN Typical Day (gpt-image-1, gpt-5, Chinese glosses)",/accounts/public_content/327/,149,PAGE,1,How well does the image correspond to the text?,8,5
12,Ed Sci Exp 1 Teacher Chinese,132,2025-09-02T02:45:31.944734+00:00,137,weiwei,327,"Report 3 EN Typical Day (gpt-image-1, gpt-5, Chinese glosses)",/accounts/public_content/327/,149,PAGE,1,How well does the image correspond to the text?,9,5
12,Ed Sci Exp 1 Teacher Chinese,132,2025-09-02T02:45:31.944734+00:00,137,weiwei,327,"Report 3 EN Typical Day (gpt-image-1, gpt-5, Chinese glosses)",/accounts/public_content/327/,149,PAGE,1,How well does the image correspond to the text?,10,4
12,Ed Sci Exp 1 Teacher Chinese,132,2025-09-02T02:45:31.944734+00:00,137,weiwei,327,"Report 3 EN Typical Day (gpt-image-1, gpt-5, Chinese glosses)",/accounts/public_content/327/,149,PAGE,1,How well does the image correspond to the text?,11,5
12,Ed Sci Exp 1 Teacher Chinese,132,2025-09-02T02:45:31.944734+00:00,137,weiwei,327,"Report 3 EN Typical Day (gpt-image-1, gpt-5, Chinese glosses)",/accounts/public_content/327/,149,PAGE,1,How well does the image correspond to the text?,12,5
12,Ed Sci Exp 1 Teacher Chinese,132,2025-09-02T02:45:31.944734+00:00,137,weiwei,327,"Report 3 EN Typical Day (gpt-image-1, gpt-5, Chinese glosses)",/accounts/public_content/327/,149,PAGE,1,How well does the image correspond to the text?,13,5
12,Ed Sci Exp 1 Teacher Chinese,132,2025-09-02T02:45:31.944734+00:00,137,weiwei,327,"Report 3 EN Typical Day (gpt-image-1, gpt-5, Chinese glosses)",/accounts/public_content/327/,150,PAGE,2,How accurate are the glosses?,1,5
12,Ed Sci Exp 1 Teacher Chinese,132,2025-09-02T02:45:31.944734+00:00,137,weiwei,327,"Report 3 EN Typical Day (gpt-image-1, gpt-5, Chinese glosses)",/accounts/public_content/327/,150,PAGE,2,How accurate are the glosses?,2,4
12,Ed Sci Exp 1 Teacher Chinese,132,2025-09-02T02:45:31.944734+00:00,137,weiwei,327,"Report 3 EN Typical Day (gpt-image-1, gpt-5, Chinese glosses)",/accounts/public_content/327/,150,PAGE,2,How accurate are the glosses?,3,4
12,Ed Sci Exp 1 Teacher Chinese,132,2025-09-02T02:45:31.944734+00:00,137,weiwei,327,"Report 3 EN Typical Day (gpt-image-1, gpt-5, Chinese glosses)",/accounts/public_content/327/,150,PAGE,2,How accurate are the glosses?,4,5
12,Ed Sci Exp 1 Teacher Chinese,132,2025-09-02T02:45:31.944734+00:00,137,weiwei,327,"Report 3 EN Typical Day (gpt-image-1, gpt-5, Chinese glosses)",/accounts/public_content/327/,150,PAGE,2,How accurate are the glosses?,5,5
12,Ed Sci Exp 1 Teacher Chinese,132,2025-09-02T02:45:31.944734+00:00,137,weiwei,327,"Report 3 EN Typical Day (gpt-image-1, gpt-5, Chinese glosses)",/accounts/public_content/327/,150,PAGE,2,How accurate are the glosses?,6,5
12,Ed Sci Exp 1 Teacher Chinese,132,2025-09-02T02:45:31.944734+00:00,137,weiwei,327,"Report 3 EN Typical Day (gpt-image-1, gpt-5, Chinese glosses)",/accounts/public_content/327/,150,PAGE,2,How accurate are the glosses?,7,4
12,Ed Sci Exp 1 Teacher Chinese,132,2025-09-02T02:45:31.944734+00:00,137,weiwei,327,"Report 3 EN Typical Day (gpt-image-1, gpt-5, Chinese glosses)",/accounts/public_content/327/,150,PAGE,2,How accurate are the glosses?,8,5
12,Ed Sci Exp 1 Teacher Chinese,132,2025-09-02T02:45:31.944734+00:00,137,weiwei,327,"Report 3 EN Typical Day (gpt-image-1, gpt-5, Chinese glosses)",/accounts/public_content/327/,150,PAGE,2,How accurate are the glosses?,9,5
12,Ed Sci Exp 1 Teacher Chinese,132,2025-09-02T02:45:31.944734+00:00,137,weiwei,327,"Report 3 EN Typical Day (gpt-image-1, gpt-5, Chinese glosses)",/accounts/public_content/327/,150,PAGE,2,How accurate are the glosses?,10,5
12,Ed Sci Exp 1 Teacher Chinese,132,2025-09-02T02:45:31.944734+00:00,137,weiwei,327,"Report 3 EN Typical Day (gpt-image-1, gpt-5, Chinese glosses)",/accounts/public_content/327/,150,PAGE,2,How accurate are the glosses?,11,4
12,Ed Sci Exp 1 Teacher Chinese,132,2025-09-02T02:45:31.944734+00:00,137,weiwei,327,"Report 3 EN Typical Day (gpt-image-1, gpt-5, Chinese glosses)",/accounts/public_content/327/,150,PAGE,2,How accurate are the glosses?,12,5
12,Ed Sci Exp 1 Teacher Chinese,132,2025-09-02T02:45:31.944734+00:00,137,weiwei,327,"Report 3 EN Typical Day (gpt-image-1, gpt-5, Chinese glosses)",/accounts/public_content/327/,150,PAGE,2,How accurate are the glosses?,13,5
12,Ed Sci Exp 1 Teacher Chinese,132,2025-09-02T02:45:31.944734+00:00,137,weiwei,327,"Report 3 EN Typical Day (gpt-image-1, gpt-5, Chinese glosses)",/accounts/public_content/327/,151,PAGE,3,How accurate are the translations?,1,5
12,Ed Sci Exp 1 Teacher Chinese,132,2025-09-02T02:45:31.944734+00:00,137,weiwei,327,"Report 3 EN Typical Day (gpt-image-1, gpt-5, Chinese glosses)",/accounts/public_content/327/,151,PAGE,3,How accurate are the translations?,2,4
12,Ed Sci Exp 1 Teacher Chinese,132,2025-09-02T02:45:31.944734+00:00,137,weiwei,327,"Report 3 EN Typical Day (gpt-image-1, gpt-5, Chinese glosses)",/accounts/public_content/327/,151,PAGE,3,How accurate are the translations?,3,4
12,Ed Sci Exp 1 Teacher Chinese,132,2025-09-02T02:45:31.944734+00:00,137,weiwei,327,"Report 3 EN Typical Day (gpt-image-1, gpt-5, Chinese glosses)",/accounts/public_content/327/,151,PAGE,3,How accurate are the translations?,4,4
12,Ed Sci Exp 1 Teacher Chinese,132,2025-09-02T02:45:31.944734+00:00,137,weiwei,327,"Report 3 EN Typical Day (gpt-image-1, gpt-5, Chinese glosses)",/accounts/public_content/327/,151,PAGE,3,How accurate are the translations?,5,5
12,Ed Sci Exp 1 Teacher Chinese,132,2025-09-02T02:45:31.944734+00:00,137,weiwei,327,"Report 3 EN Typical Day (gpt-image-1, gpt-5, Chinese glosses)",/accounts/public_content/327/,151,PAGE,3,How accurate are the translations?,6,5
12,Ed Sci Exp 1 Teacher Chinese,132,2025-09-02T02:45:31.944734+00:00,137,weiwei,327,"Report 3 EN Typical Day (gpt-image-1, gpt-5, Chinese glosses)",/accounts/public_content/327/,151,PAGE,3,How accurate are the translations?,7,4
12,Ed Sci Exp 1 Teacher Chinese,132,2025-09-02T02:45:31.944734+00:00,137,weiwei,327,"Report 3 EN Typical Day (gpt-image-1, gpt-5, Chinese glosses)",/accounts/public_content/327/,151,PAGE,3,How accurate are the translations?,8,5
12,Ed Sci Exp 1 Teacher Chinese,132,2025-09-02T02:45:31.944734+00:00,137,weiwei,327,"Report 3 EN Typical Day (gpt-image-1, gpt-5, Chinese glosses)",/accounts/public_content/327/,151,PAGE,3,How accurate are the translations?,9,4
12,Ed Sci Exp 1 Teacher Chinese,132,2025-09-02T02:45:31.944734+00:00,137,weiwei,327,"Report 3 EN Typical Day (gpt-image-1, gpt-5, Chinese glosses)",/accounts/public_content/327/,151,PAGE,3,How accurate are the translations?,10,5
12,Ed Sci Exp 1 Teacher Chinese,132,2025-09-02T02:45:31.944734+00:00,137,weiwei,327,"Report 3 EN Typical Day (gpt-image-1, gpt-5, Chinese glosses)",/accounts/public_content/327/,151,PAGE,3,How accurate are the translations?,11,5
12,Ed Sci Exp 1 Teacher Chinese,132,2025-09-02T02:45:31.944734+00:00,137,weiwei,327,"Report 3 EN Typical Day (gpt-image-1, gpt-5, Chinese glosses)",/accounts/public_content/327/,151,PAGE,3,How accurate are the translations?,12,5
12,Ed Sci Exp 1 Teacher Chinese,132,2025-09-02T02:45:31.944734+00:00,137,weiwei,327,"Report 3 EN Typical Day (gpt-image-1, gpt-5, Chinese glosses)",/accounts/public_content/327/,151,PAGE,3,How accurate are the translations?,13,4
12,Ed Sci Exp 1 Teacher Chinese,138,2025-09-02T03:23:29.358328+00:00,138,chunying,327,"Report 3 EN Typical Day (gpt-image-1, gpt-5, Chinese glosses)",/accounts/public_content/327/,129,BOOK,1,How consistent is the style of the images overall?,,5
12,Ed Sci Exp 1 Teacher Chinese,138,2025-09-02T03:23:29.358328+00:00,138,chunying,327,"Report 3 EN Typical Day (gpt-image-1, gpt-5, Chinese glosses)",/accounts/public_content/327/,130,BOOK,2,How consistent is the appearance of the elements overall?,,5
12,Ed Sci Exp 1 Teacher Chinese,138,2025-09-02T03:23:29.358328+00:00,138,chunying,327,"Report 3 EN Typical Day (gpt-image-1, gpt-5, Chinese glosses)",/accounts/public_content/327/,131,BOOK,3,How culturally appropriate are the images to the relevant culture?,,4
12,Ed Sci Exp 1 Teacher Chinese,138,2025-09-02T03:23:29.358328+00:00,138,chunying,327,"Report 3 EN Typical Day (gpt-image-1, gpt-5, Chinese glosses)",/accounts/public_content/327/,132,BOOK,4,How visually appealing do you find the images overall?,,4
12,Ed Sci Exp 1 Teacher Chinese,138,2025-09-02T03:23:29.358328+00:00,138,chunying,327,"Report 3 EN Typical Day (gpt-image-1, gpt-5, Chinese glosses)",/accounts/public_content/327/,149,PAGE,1,How well does the image correspond to the text?,1,5
12,Ed Sci Exp 1 Teacher Chinese,138,2025-09-02T03:23:29.358328+00:00,138,chunying,327,"Report 3 EN Typical Day (gpt-image-1, gpt-5, Chinese glosses)",/accounts/public_content/327/,149,PAGE,1,How well does the image correspond to the text?,2,5
12,Ed Sci Exp 1 Teacher Chinese,138,2025-09-02T03:23:29.358328+00:00,138,chunying,327,"Report 3 EN Typical Day (gpt-image-1, gpt-5, Chinese glosses)",/accounts/public_content/327/,149,PAGE,1,How well does the image correspond to the text?,3,5
12,Ed Sci Exp 1 Teacher Chinese,138,2025-09-02T03:23:29.358328+00:00,138,chunying,327,"Report 3 EN Typical Day (gpt-image-1, gpt-5, Chinese glosses)",/accounts/public_content/327/,149,PAGE,1,How well does the image correspond to the text?,4,5
12,Ed Sci Exp 1 Teacher Chinese,138,2025-09-02T03:23:29.358328+00:00,138,chunying,327,"Report 3 EN Typical Day (gpt-image-1, gpt-5, Chinese glosses)",/accounts/public_content/327/,149,PAGE,1,How well does the image correspond to the text?,5,5
12,Ed Sci Exp 1 Teacher Chinese,138,2025-09-02T03:23:29.358328+00:00,138,chunying,327,"Report 3 EN Typical Day (gpt-image-1, gpt-5, Chinese glosses)",/accounts/public_content/327/,149,PAGE,1,How well does the image correspond to the text?,6,4
12,Ed Sci Exp 1 Teacher Chinese,138,2025-09-02T03:23:29.358328+00:00,138,chunying,327,"Report 3 EN Typical Day (gpt-image-1, gpt-5, Chinese glosses)",/accounts/public_content/327/,149,PAGE,1,How well does the image correspond to the text?,7,5
12,Ed Sci Exp 1 Teacher Chinese,138,2025-09-02T03:23:29.358328+00:00,138,chunying,327,"Report 3 EN Typical Day (gpt-image-1, gpt-5, Chinese glosses)",/accounts/public_content/327/,149,PAGE,1,How well does the image correspond to the text?,8,5
12,Ed Sci Exp 1 Teacher Chinese,138,2025-09-02T03:23:29.358328+00:00,138,chunying,327,"Report 3 EN Typical Day (gpt-image-1, gpt-5, Chinese glosses)",/accounts/public_content/327/,149,PAGE,1,How well does the image correspond to the text?,9,4
12,Ed Sci Exp 1 Teacher Chinese,138,2025-09-02T03:23:29.358328+00:00,138,chunying,327,"Report 3 EN Typical Day (gpt-image-1, gpt-5, Chinese glosses)",/accounts/public_content/327/,149,PAGE,1,How well does the image correspond to the text?,10,4
12,Ed Sci Exp 1 Teacher Chinese,138,2025-09-02T03:23:29.358328+00:00,138,chunying,327,"Report 3 EN Typical Day (gpt-image-1, gpt-5, Chinese glosses)",/accounts/public_content/327/,149,PAGE,1,How well does the image correspond to the text?,11,5
12,Ed Sci Exp 1 Teacher Chinese,138,2025-09-02T03:23:29.358328+00:00,138,chunying,327,"Report 3 EN Typical Day (gpt-image-1, gpt-5, Chinese glosses)",/accounts/public_content/327/,149,PAGE,1,How well does the image correspond to the text?,12,5
12,Ed Sci Exp 1 Teacher Chinese,138,2025-09-02T03:23:29.358328+00:00,138,chunying,327,"Report 3 EN Typical Day (gpt-image-1, gpt-5, Chinese glosses)",/accounts/public_content/327/,149,PAGE,1,How well does the image correspond to the text?,13,5
12,Ed Sci Exp 1 Teacher Chinese,138,2025-09-02T03:23:29.358328+00:00,138,chunying,327,"Report 3 EN Typical Day (gpt-image-1, gpt-5, Chinese glosses)",/accounts/public_content/327/,150,PAGE,2,How accurate are the glosses?,1,5
12,Ed Sci Exp 1 Teacher Chinese,138,2025-09-02T03:23:29.358328+00:00,138,chunying,327,"Report 3 EN Typical Day (gpt-image-1, gpt-5, Chinese glosses)",/accounts/public_content/327/,150,PAGE,2,How accurate are the glosses?,2,4
12,Ed Sci Exp 1 Teacher Chinese,138,2025-09-02T03:23:29.358328+00:00,138,chunying,327,"Report 3 EN Typical Day (gpt-image-1, gpt-5, Chinese glosses)",/accounts/public_content/327/,150,PAGE,2,How accurate are the glosses?,3,5
12,Ed Sci Exp 1 Teacher Chinese,138,2025-09-02T03:23:29.358328+00:00,138,chunying,327,"Report 3 EN Typical Day (gpt-image-1, gpt-5, Chinese glosses)",/accounts/public_content/327/,150,PAGE,2,How accurate are the glosses?,4,5
12,Ed Sci Exp 1 Teacher Chinese,138,2025-09-02T03:23:29.358328+00:00,138,chunying,327,"Report 3 EN Typical Day (gpt-image-1, gpt-5, Chinese glosses)",/accounts/public_content/327/,150,PAGE,2,How accurate are the glosses?,5,5
12,Ed Sci Exp 1 Teacher Chinese,138,2025-09-02T03:23:29.358328+00:00,138,chunying,327,"Report 3 EN Typical Day (gpt-image-1, gpt-5, Chinese glosses)",/accounts/public_content/327/,150,PAGE,2,How accurate are the glosses?,6,5
12,Ed Sci Exp 1 Teacher Chinese,138,2025-09-02T03:23:29.358328+00:00,138,chunying,327,"Report 3 EN Typical Day (gpt-image-1, gpt-5, Chinese glosses)",/accounts/public_content/327/,150,PAGE,2,How accurate are the glosses?,7,4
12,Ed Sci Exp 1 Teacher Chinese,138,2025-09-02T03:23:29.358328+00:00,138,chunying,327,"Report 3 EN Typical Day (gpt-image-1, gpt-5, Chinese glosses)",/accounts/public_content/327/,150,PAGE,2,How accurate are the glosses?,8,5
12,Ed Sci Exp 1 Teacher Chinese,138,2025-09-02T03:23:29.358328+00:00,138,chunying,327,"Report 3 EN Typical Day (gpt-image-1, gpt-5, Chinese glosses)",/accounts/public_content/327/,150,PAGE,2,How accurate are the glosses?,9,4
12,Ed Sci Exp 1 Teacher Chinese,138,2025-09-02T03:23:29.358328+00:00,138,chunying,327,"Report 3 EN Typical Day (gpt-image-1, gpt-5, Chinese glosses)",/accounts/public_content/327/,150,PAGE,2,How accurate are the glosses?,10,5
12,Ed Sci Exp 1 Teacher Chinese,138,2025-09-02T03:23:29.358328+00:00,138,chunying,327,"Report 3 EN Typical Day (gpt-image-1, gpt-5, Chinese glosses)",/accounts/public_content/327/,150,PAGE,2,How accurate are the glosses?,11,4
12,Ed Sci Exp 1 Teacher Chinese,138,2025-09-02T03:23:29.358328+00:00,138,chunying,327,"Report 3 EN Typical Day (gpt-image-1, gpt-5, Chinese glosses)",/accounts/public_content/327/,150,PAGE,2,How accurate are the glosses?,12,5
12,Ed Sci Exp 1 Teacher Chinese,138,2025-09-02T03:23:29.358328+00:00,138,chunying,327,"Report 3 EN Typical Day (gpt-image-1, gpt-5, Chinese glosses)",/accounts/public_content/327/,150,PAGE,2,How accurate are the glosses?,13,5
12,Ed Sci Exp 1 Teacher Chinese,138,2025-09-02T03:23:29.358328+00:00,138,chunying,327,"Report 3 EN Typical Day (gpt-image-1, gpt-5, Chinese glosses)",/accounts/public_content/327/,151,PAGE,3,How accurate are the translations?,1,5
12,Ed Sci Exp 1 Teacher Chinese,138,2025-09-02T03:23:29.358328+00:00,138,chunying,327,"Report 3 EN Typical Day (gpt-image-1, gpt-5, Chinese glosses)",/accounts/public_content/327/,151,PAGE,3,How accurate are the translations?,2,4
12,Ed Sci Exp 1 Teacher Chinese,138,2025-09-02T03:23:29.358328+00:00,138,chunying,327,"Report 3 EN Typical Day (gpt-image-1, gpt-5, Chinese glosses)",/accounts/public_content/327/,151,PAGE,3,How accurate are the translations?,3,4
12,Ed Sci Exp 1 Teacher Chinese,138,2025-09-02T03:23:29.358328+00:00,138,chunying,327,"Report 3 EN Typical Day (gpt-image-1, gpt-5, Chinese glosses)",/accounts/public_content/327/,151,PAGE,3,How accurate are the translations?,4,5
12,Ed Sci Exp 1 Teacher Chinese,138,2025-09-02T03:23:29.358328+00:00,138,chunying,327,"Report 3 EN Typical Day (gpt-image-1, gpt-5, Chinese glosses)",/accounts/public_content/327/,151,PAGE,3,How accurate are the translations?,5,5
12,Ed Sci Exp 1 Teacher Chinese,138,2025-09-02T03:23:29.358328+00:00,138,chunying,327,"Report 3 EN Typical Day (gpt-image-1, gpt-5, Chinese glosses)",/accounts/public_content/327/,151,PAGE,3,How accurate are the translations?,6,5
12,Ed Sci Exp 1 Teacher Chinese,138,2025-09-02T03:23:29.358328+00:00,138,chunying,327,"Report 3 EN Typical Day (gpt-image-1, gpt-5, Chinese glosses)",/accounts/public_content/327/,151,PAGE,3,How accurate are the translations?,7,4
12,Ed Sci Exp 1 Teacher Chinese,138,2025-09-02T03:23:29.358328+00:00,138,chunying,327,"Report 3 EN Typical Day (gpt-image-1, gpt-5, Chinese glosses)",/accounts/public_content/327/,151,PAGE,3,How accurate are the translations?,8,5
12,Ed Sci Exp 1 Teacher Chinese,138,2025-09-02T03:23:29.358328+00:00,138,chunying,327,"Report 3 EN Typical Day (gpt-image-1, gpt-5, Chinese glosses)",/accounts/public_content/327/,151,PAGE,3,How accurate are the translations?,9,4
12,Ed Sci Exp 1 Teacher Chinese,138,2025-09-02T03:23:29.358328+00:00,138,chunying,327,"Report 3 EN Typical Day (gpt-image-1, gpt-5, Chinese glosses)",/accounts/public_content/327/,151,PAGE,3,How accurate are the translations?,10,5
12,Ed Sci Exp 1 Teacher Chinese,138,2025-09-02T03:23:29.358328+00:00,138,chunying,327,"Report 3 EN Typical Day (gpt-image-1, gpt-5, Chinese glosses)",/accounts/public_content/327/,151,PAGE,3,How accurate are the translations?,11,4
12,Ed Sci Exp 1 Teacher Chinese,138,2025-09-02T03:23:29.358328+00:00,138,chunying,327,"Report 3 EN Typical Day (gpt-image-1, gpt-5, Chinese glosses)",/accounts/public_content/327/,151,PAGE,3,How accurate are the translations?,12,5
12,Ed Sci Exp 1 Teacher Chinese,138,2025-09-02T03:23:29.358328+00:00,138,chunying,327,"Report 3 EN Typical Day (gpt-image-1, gpt-5, Chinese glosses)",/accounts/public_content/327/,151,PAGE,3,How accurate are the translations?,13,5
12,Ed Sci Exp 1 Teacher Chinese,144,2025-09-02T04:10:45.574215+00:00,139,shuai,327,"Report 3 EN Typical Day (gpt-image-1, gpt-5, Chinese glosses)",/accounts/public_content/327/,129,BOOK,1,How consistent is the style of the images overall?,,5
12,Ed Sci Exp 1 Teacher Chinese,144,2025-09-02T04:10:45.574215+00:00,139,shuai,327,"Report 3 EN Typical Day (gpt-image-1, gpt-5, Chinese glosses)",/accounts/public_content/327/,130,BOOK,2,How consistent is the appearance of the elements overall?,,5
12,Ed Sci Exp 1 Teacher Chinese,144,2025-09-02T04:10:45.574215+00:00,139,shuai,327,"Report 3 EN Typical Day (gpt-image-1, gpt-5, Chinese glosses)",/accounts/public_content/327/,131,BOOK,3,How culturally appropriate are the images to the relevant culture?,,4
12,Ed Sci Exp 1 Teacher Chinese,144,2025-09-02T04:10:45.574215+00:00,139,shuai,327,"Report 3 EN Typical Day (gpt-image-1, gpt-5, Chinese glosses)",/accounts/public_content/327/,132,BOOK,4,How visually appealing do you find the images overall?,,5
12,Ed Sci Exp 1 Teacher Chinese,144,2025-09-02T04:10:45.574215+00:00,139,shuai,327,"Report 3 EN Typical Day (gpt-image-1, gpt-5, Chinese glosses)",/accounts/public_content/327/,149,PAGE,1,How well does the image correspond to the text?,1,5
12,Ed Sci Exp 1 Teacher Chinese,144,2025-09-02T04:10:45.574215+00:00,139,shuai,327,"Report 3 EN Typical Day (gpt-image-1, gpt-5, Chinese glosses)",/accounts/public_content/327/,149,PAGE,1,How well does the image correspond to the text?,2,5
12,Ed Sci Exp 1 Teacher Chinese,144,2025-09-02T04:10:45.574215+00:00,139,shuai,327,"Report 3 EN Typical Day (gpt-image-1, gpt-5, Chinese glosses)",/accounts/public_content/327/,149,PAGE,1,How well does the image correspond to the text?,3,5
12,Ed Sci Exp 1 Teacher Chinese,144,2025-09-02T04:10:45.574215+00:00,139,shuai,327,"Report 3 EN Typical Day (gpt-image-1, gpt-5, Chinese glosses)",/accounts/public_content/327/,149,PAGE,1,How well does the image correspond to the text?,4,5
12,Ed Sci Exp 1 Teacher Chinese,144,2025-09-02T04:10:45.574215+00:00,139,shuai,327,"Report 3 EN Typical Day (gpt-image-1, gpt-5, Chinese glosses)",/accounts/public_content/327/,149,PAGE,1,How well does the image correspond to the text?,5,4
12,Ed Sci Exp 1 Teacher Chinese,144,2025-09-02T04:10:45.574215+00:00,139,shuai,327,"Report 3 EN Typical Day (gpt-image-1, gpt-5, Chinese glosses)",/accounts/public_content/327/,149,PAGE,1,How well does the image correspond to the text?,6,5
12,Ed Sci Exp 1 Teacher Chinese,144,2025-09-02T04:10:45.574215+00:00,139,shuai,327,"Report 3 EN Typical Day (gpt-image-1, gpt-5, Chinese glosses)",/accounts/public_content/327/,149,PAGE,1,How well does the image correspond to the text?,7,5
12,Ed Sci Exp 1 Teacher Chinese,144,2025-09-02T04:10:45.574215+00:00,139,shuai,327,"Report 3 EN Typical Day (gpt-image-1, gpt-5, Chinese glosses)",/accounts/public_content/327/,149,PAGE,1,How well does the image correspond to the text?,8,5
12,Ed Sci Exp 1 Teacher Chinese,144,2025-09-02T04:10:45.574215+00:00,139,shuai,327,"Report 3 EN Typical Day (gpt-image-1, gpt-5, Chinese glosses)",/accounts/public_content/327/,149,PAGE,1,How well does the image correspond to the text?,9,5
12,Ed Sci Exp 1 Teacher Chinese,144,2025-09-02T04:10:45.574215+00:00,139,shuai,327,"Report 3 EN Typical Day (gpt-image-1, gpt-5, Chinese glosses)",/accounts/public_content/327/,149,PAGE,1,How well does the image correspond to the text?,10,5
12,Ed Sci Exp 1 Teacher Chinese,144,2025-09-02T04:10:45.574215+00:00,139,shuai,327,"Report 3 EN Typical Day (gpt-image-1, gpt-5, Chinese glosses)",/accounts/public_content/327/,149,PAGE,1,How well does the image correspond to the text?,11,5
12,Ed Sci Exp 1 Teacher Chinese,144,2025-09-02T04:10:45.574215+00:00,139,shuai,327,"Report 3 EN Typical Day (gpt-image-1, gpt-5, Chinese glosses)",/accounts/public_content/327/,149,PAGE,1,How well does the image correspond to the text?,12,5
12,Ed Sci Exp 1 Teacher Chinese,144,2025-09-02T04:10:45.574215+00:00,139,shuai,327,"Report 3 EN Typical Day (gpt-image-1, gpt-5, Chinese glosses)",/accounts/public_content/327/,149,PAGE,1,How well does the image correspond to the text?,13,5
12,Ed Sci Exp 1 Teacher Chinese,144,2025-09-02T04:10:45.574215+00:00,139,shuai,327,"Report 3 EN Typical Day (gpt-image-1, gpt-5, Chinese glosses)",/accounts/public_content/327/,150,PAGE,2,How accurate are the glosses?,1,5
12,Ed Sci Exp 1 Teacher Chinese,144,2025-09-02T04:10:45.574215+00:00,139,shuai,327,"Report 3 EN Typical Day (gpt-image-1, gpt-5, Chinese glosses)",/accounts/public_content/327/,150,PAGE,2,How accurate are the glosses?,2,4
12,Ed Sci Exp 1 Teacher Chinese,144,2025-09-02T04:10:45.574215+00:00,139,shuai,327,"Report 3 EN Typical Day (gpt-image-1, gpt-5, Chinese glosses)",/accounts/public_content/327/,150,PAGE,2,How accurate are the glosses?,3,4
12,Ed Sci Exp 1 Teacher Chinese,144,2025-09-02T04:10:45.574215+00:00,139,shuai,327,"Report 3 EN Typical Day (gpt-image-1, gpt-5, Chinese glosses)",/accounts/public_content/327/,150,PAGE,2,How accurate are the glosses?,4,4
12,Ed Sci Exp 1 Teacher Chinese,144,2025-09-02T04:10:45.574215+00:00,139,shuai,327,"Report 3 EN Typical Day (gpt-image-1, gpt-5, Chinese glosses)",/accounts/public_content/327/,150,PAGE,2,How accurate are the glosses?,5,4
12,Ed Sci Exp 1 Teacher Chinese,144,2025-09-02T04:10:45.574215+00:00,139,shuai,327,"Report 3 EN Typical Day (gpt-image-1, gpt-5, Chinese glosses)",/accounts/public_content/327/,150,PAGE,2,How accurate are the glosses?,6,4
12,Ed Sci Exp 1 Teacher Chinese,144,2025-09-02T04:10:45.574215+00:00,139,shuai,327,"Report 3 EN Typical Day (gpt-image-1, gpt-5, Chinese glosses)",/accounts/public_content/327/,150,PAGE,2,How accurate are the glosses?,7,4
12,Ed Sci Exp 1 Teacher Chinese,144,2025-09-02T04:10:45.574215+00:00,139,shuai,327,"Report 3 EN Typical Day (gpt-image-1, gpt-5, Chinese glosses)",/accounts/public_content/327/,150,PAGE,2,How accurate are the glosses?,8,5
12,Ed Sci Exp 1 Teacher Chinese,144,2025-09-02T04:10:45.574215+00:00,139,shuai,327,"Report 3 EN Typical Day (gpt-image-1, gpt-5, Chinese glosses)",/accounts/public_content/327/,150,PAGE,2,How accurate are the glosses?,9,4
12,Ed Sci Exp 1 Teacher Chinese,144,2025-09-02T04:10:45.574215+00:00,139,shuai,327,"Report 3 EN Typical Day (gpt-image-1, gpt-5, Chinese glosses)",/accounts/public_content/327/,150,PAGE,2,How accurate are the glosses?,10,4
12,Ed Sci Exp 1 Teacher Chinese,144,2025-09-02T04:10:45.574215+00:00,139,shuai,327,"Report 3 EN Typical Day (gpt-image-1, gpt-5, Chinese glosses)",/accounts/public_content/327/,150,PAGE,2,How accurate are the glosses?,11,5
12,Ed Sci Exp 1 Teacher Chinese,144,2025-09-02T04:10:45.574215+00:00,139,shuai,327,"Report 3 EN Typical Day (gpt-image-1, gpt-5, Chinese glosses)",/accounts/public_content/327/,150,PAGE,2,How accurate are the glosses?,12,4
12,Ed Sci Exp 1 Teacher Chinese,144,2025-09-02T04:10:45.574215+00:00,139,shuai,327,"Report 3 EN Typical Day (gpt-image-1, gpt-5, Chinese glosses)",/accounts/public_content/327/,150,PAGE,2,How accurate are the glosses?,13,4
12,Ed Sci Exp 1 Teacher Chinese,144,2025-09-02T04:10:45.574215+00:00,139,shuai,327,"Report 3 EN Typical Day (gpt-image-1, gpt-5, Chinese glosses)",/accounts/public_content/327/,151,PAGE,3,How accurate are the translations?,1,5
12,Ed Sci Exp 1 Teacher Chinese,144,2025-09-02T04:10:45.574215+00:00,139,shuai,327,"Report 3 EN Typical Day (gpt-image-1, gpt-5, Chinese glosses)",/accounts/public_content/327/,151,PAGE,3,How accurate are the translations?,2,5
12,Ed Sci Exp 1 Teacher Chinese,144,2025-09-02T04:10:45.574215+00:00,139,shuai,327,"Report 3 EN Typical Day (gpt-image-1, gpt-5, Chinese glosses)",/accounts/public_content/327/,151,PAGE,3,How accurate are the translations?,3,4
12,Ed Sci Exp 1 Teacher Chinese,144,2025-09-02T04:10:45.574215+00:00,139,shuai,327,"Report 3 EN Typical Day (gpt-image-1, gpt-5, Chinese glosses)",/accounts/public_content/327/,151,PAGE,3,How accurate are the translations?,4,5
12,Ed Sci Exp 1 Teacher Chinese,144,2025-09-02T04:10:45.574215+00:00,139,shuai,327,"Report 3 EN Typical Day (gpt-image-1, gpt-5, Chinese glosses)",/accounts/public_content/327/,151,PAGE,3,How accurate are the translations?,5,5
12,Ed Sci Exp 1 Teacher Chinese,144,2025-09-02T04:10:45.574215+00:00,139,shuai,327,"Report 3 EN Typical Day (gpt-image-1, gpt-5, Chinese glosses)",/accounts/public_content/327/,151,PAGE,3,How accurate are the translations?,6,5
12,Ed Sci Exp 1 Teacher Chinese,144,2025-09-02T04:10:45.574215+00:00,139,shuai,327,"Report 3 EN Typical Day (gpt-image-1, gpt-5, Chinese glosses)",/accounts/public_content/327/,151,PAGE,3,How accurate are the translations?,7,5
12,Ed Sci Exp 1 Teacher Chinese,144,2025-09-02T04:10:45.574215+00:00,139,shuai,327,"Report 3 EN Typical Day (gpt-image-1, gpt-5, Chinese glosses)",/accounts/public_content/327/,151,PAGE,3,How accurate are the translations?,8,5
12,Ed Sci Exp 1 Teacher Chinese,144,2025-09-02T04:10:45.574215+00:00,139,shuai,327,"Report 3 EN Typical Day (gpt-image-1, gpt-5, Chinese glosses)",/accounts/public_content/327/,151,PAGE,3,How accurate are the translations?,9,5
12,Ed Sci Exp 1 Teacher Chinese,144,2025-09-02T04:10:45.574215+00:00,139,shuai,327,"Report 3 EN Typical Day (gpt-image-1, gpt-5, Chinese glosses)",/accounts/public_content/327/,151,PAGE,3,How accurate are the translations?,10,5
12,Ed Sci Exp 1 Teacher Chinese,144,2025-09-02T04:10:45.574215+00:00,139,shuai,327,"Report 3 EN Typical Day (gpt-image-1, gpt-5, Chinese glosses)",/accounts/public_content/327/,151,PAGE,3,How accurate are the translations?,11,4
12,Ed Sci Exp 1 Teacher Chinese,144,2025-09-02T04:10:45.574215+00:00,139,shuai,327,"Report 3 EN Typical Day (gpt-image-1, gpt-5, Chinese glosses)",/accounts/public_content/327/,151,PAGE,3,How accurate are the translations?,12,5
12,Ed Sci Exp 1 Teacher Chinese,144,2025-09-02T04:10:45.574215+00:00,139,shuai,327,"Report 3 EN Typical Day (gpt-image-1, gpt-5, Chinese glosses)",/accounts/public_content/327/,151,PAGE,3,How accurate are the translations?,13,4
12,Ed Sci Exp 1 Teacher Chinese,121,2025-08-30T12:42:57.709805+00:00,126,yaochunlin,328,"Sumo-Wrestler Tanya Loves Polite Forms of Address (gpt-image-1, gpt-5, Chinese glosses)",/accounts/public_content/328/,129,BOOK,1,How consistent is the style of the images overall?,,4
12,Ed Sci Exp 1 Teacher Chinese,121,2025-08-30T12:42:57.709805+00:00,126,yaochunlin,328,"Sumo-Wrestler Tanya Loves Polite Forms of Address (gpt-image-1, gpt-5, Chinese glosses)",/accounts/public_content/328/,130,BOOK,2,How consistent is the appearance of the elements overall?,,4
12,Ed Sci Exp 1 Teacher Chinese,121,2025-08-30T12:42:57.709805+00:00,126,yaochunlin,328,"Sumo-Wrestler Tanya Loves Polite Forms of Address (gpt-image-1, gpt-5, Chinese glosses)",/accounts/public_content/328/,131,BOOK,3,How culturally appropriate are the images to the relevant culture?,,4
12,Ed Sci Exp 1 Teacher Chinese,121,2025-08-30T12:42:57.709805+00:00,126,yaochunlin,328,"Sumo-Wrestler Tanya Loves Polite Forms of Address (gpt-image-1, gpt-5, Chinese glosses)",/accounts/public_content/328/,132,BOOK,4,How visually appealing do you find the images overall?,,5
12,Ed Sci Exp 1 Teacher Chinese,121,2025-08-30T12:42:57.709805+00:00,126,yaochunlin,328,"Sumo-Wrestler Tanya Loves Polite Forms of Address (gpt-image-1, gpt-5, Chinese glosses)",/accounts/public_content/328/,149,PAGE,1,How well does the image correspond to the text?,1,5
12,Ed Sci Exp 1 Teacher Chinese,121,2025-08-30T12:42:57.709805+00:00,126,yaochunlin,328,"Sumo-Wrestler Tanya Loves Polite Forms of Address (gpt-image-1, gpt-5, Chinese glosses)",/accounts/public_content/328/,149,PAGE,1,How well does the image correspond to the text?,2,4
12,Ed Sci Exp 1 Teacher Chinese,121,2025-08-30T12:42:57.709805+00:00,126,yaochunlin,328,"Sumo-Wrestler Tanya Loves Polite Forms of Address (gpt-image-1, gpt-5, Chinese glosses)",/accounts/public_content/328/,149,PAGE,1,How well does the image correspond to the text?,3,5
12,Ed Sci Exp 1 Teacher Chinese,121,2025-08-30T12:42:57.709805+00:00,126,yaochunlin,328,"Sumo-Wrestler Tanya Loves Polite Forms of Address (gpt-image-1, gpt-5, Chinese glosses)",/accounts/public_content/328/,149,PAGE,1,How well does the image correspond to the text?,4,4
12,Ed Sci Exp 1 Teacher Chinese,121,2025-08-30T12:42:57.709805+00:00,126,yaochunlin,328,"Sumo-Wrestler Tanya Loves Polite Forms of Address (gpt-image-1, gpt-5, Chinese glosses)",/accounts/public_content/328/,149,PAGE,1,How well does the image correspond to the text?,5,4
12,Ed Sci Exp 1 Teacher Chinese,121,2025-08-30T12:42:57.709805+00:00,126,yaochunlin,328,"Sumo-Wrestler Tanya Loves Polite Forms of Address (gpt-image-1, gpt-5, Chinese glosses)",/accounts/public_content/328/,149,PAGE,1,How well does the image correspond to the text?,6,5
12,Ed Sci Exp 1 Teacher Chinese,121,2025-08-30T12:42:57.709805+00:00,126,yaochunlin,328,"Sumo-Wrestler Tanya Loves Polite Forms of Address (gpt-image-1, gpt-5, Chinese glosses)",/accounts/public_content/328/,149,PAGE,1,How well does the image correspond to the text?,7,4
12,Ed Sci Exp 1 Teacher Chinese,121,2025-08-30T12:42:57.709805+00:00,126,yaochunlin,328,"Sumo-Wrestler Tanya Loves Polite Forms of Address (gpt-image-1, gpt-5, Chinese glosses)",/accounts/public_content/328/,149,PAGE,1,How well does the image correspond to the text?,8,4
12,Ed Sci Exp 1 Teacher Chinese,121,2025-08-30T12:42:57.709805+00:00,126,yaochunlin,328,"Sumo-Wrestler Tanya Loves Polite Forms of Address (gpt-image-1, gpt-5, Chinese glosses)",/accounts/public_content/328/,149,PAGE,1,How well does the image correspond to the text?,9,5
12,Ed Sci Exp 1 Teacher Chinese,121,2025-08-30T12:42:57.709805+00:00,126,yaochunlin,328,"Sumo-Wrestler Tanya Loves Polite Forms of Address (gpt-image-1, gpt-5, Chinese glosses)",/accounts/public_content/328/,149,PAGE,1,How well does the image correspond to the text?,10,4
12,Ed Sci Exp 1 Teacher Chinese,121,2025-08-30T12:42:57.709805+00:00,126,yaochunlin,328,"Sumo-Wrestler Tanya Loves Polite Forms of Address (gpt-image-1, gpt-5, Chinese glosses)",/accounts/public_content/328/,149,PAGE,1,How well does the image correspond to the text?,11,4
12,Ed Sci Exp 1 Teacher Chinese,121,2025-08-30T12:42:57.709805+00:00,126,yaochunlin,328,"Sumo-Wrestler Tanya Loves Polite Forms of Address (gpt-image-1, gpt-5, Chinese glosses)",/accounts/public_content/328/,149,PAGE,1,How well does the image correspond to the text?,12,4
12,Ed Sci Exp 1 Teacher Chinese,121,2025-08-30T12:42:57.709805+00:00,126,yaochunlin,328,"Sumo-Wrestler Tanya Loves Polite Forms of Address (gpt-image-1, gpt-5, Chinese glosses)",/accounts/public_content/328/,149,PAGE,1,How well does the image correspond to the text?,13,4
12,Ed Sci Exp 1 Teacher Chinese,121,2025-08-30T12:42:57.709805+00:00,126,yaochunlin,328,"Sumo-Wrestler Tanya Loves Polite Forms of Address (gpt-image-1, gpt-5, Chinese glosses)",/accounts/public_content/328/,149,PAGE,1,How well does the image correspond to the text?,14,4
12,Ed Sci Exp 1 Teacher Chinese,121,2025-08-30T12:42:57.709805+00:00,126,yaochunlin,328,"Sumo-Wrestler Tanya Loves Polite Forms of Address (gpt-image-1, gpt-5, Chinese glosses)",/accounts/public_content/328/,149,PAGE,1,How well does the image correspond to the text?,15,4
12,Ed Sci Exp 1 Teacher Chinese,121,2025-08-30T12:42:57.709805+00:00,126,yaochunlin,328,"Sumo-Wrestler Tanya Loves Polite Forms of Address (gpt-image-1, gpt-5, Chinese glosses)",/accounts/public_content/328/,149,PAGE,1,How well does the image correspond to the text?,16,4
12,Ed Sci Exp 1 Teacher Chinese,121,2025-08-30T12:42:57.709805+00:00,126,yaochunlin,328,"Sumo-Wrestler Tanya Loves Polite Forms of Address (gpt-image-1, gpt-5, Chinese glosses)",/accounts/public_content/328/,149,PAGE,1,How well does the image correspond to the text?,17,5
12,Ed Sci Exp 1 Teacher Chinese,121,2025-08-30T12:42:57.709805+00:00,126,yaochunlin,328,"Sumo-Wrestler Tanya Loves Polite Forms of Address (gpt-image-1, gpt-5, Chinese glosses)",/accounts/public_content/328/,149,PAGE,1,How well does the image correspond to the text?,18,4
12,Ed Sci Exp 1 Teacher Chinese,121,2025-08-30T12:42:57.709805+00:00,126,yaochunlin,328,"Sumo-Wrestler Tanya Loves Polite Forms of Address (gpt-image-1, gpt-5, Chinese glosses)",/accounts/public_content/328/,149,PAGE,1,How well does the image correspond to the text?,19,4
12,Ed Sci Exp 1 Teacher Chinese,121,2025-08-30T12:42:57.709805+00:00,126,yaochunlin,328,"Sumo-Wrestler Tanya Loves Polite Forms of Address (gpt-image-1, gpt-5, Chinese glosses)",/accounts/public_content/328/,149,PAGE,1,How well does the image correspond to the text?,20,4
12,Ed Sci Exp 1 Teacher Chinese,121,2025-08-30T12:42:57.709805+00:00,126,yaochunlin,328,"Sumo-Wrestler Tanya Loves Polite Forms of Address (gpt-image-1, gpt-5, Chinese glosses)",/accounts/public_content/328/,149,PAGE,1,How well does the image correspond to the text?,21,5
12,Ed Sci Exp 1 Teacher Chinese,121,2025-08-30T12:42:57.709805+00:00,126,yaochunlin,328,"Sumo-Wrestler Tanya Loves Polite Forms of Address (gpt-image-1, gpt-5, Chinese glosses)",/accounts/public_content/328/,150,PAGE,2,How accurate are the glosses?,1,4
12,Ed Sci Exp 1 Teacher Chinese,121,2025-08-30T12:42:57.709805+00:00,126,yaochunlin,328,"Sumo-Wrestler Tanya Loves Polite Forms of Address (gpt-image-1, gpt-5, Chinese glosses)",/accounts/public_content/328/,150,PAGE,2,How accurate are the glosses?,2,5
12,Ed Sci Exp 1 Teacher Chinese,121,2025-08-30T12:42:57.709805+00:00,126,yaochunlin,328,"Sumo-Wrestler Tanya Loves Polite Forms of Address (gpt-image-1, gpt-5, Chinese glosses)",/accounts/public_content/328/,150,PAGE,2,How accurate are the glosses?,3,5
12,Ed Sci Exp 1 Teacher Chinese,121,2025-08-30T12:42:57.709805+00:00,126,yaochunlin,328,"Sumo-Wrestler Tanya Loves Polite Forms of Address (gpt-image-1, gpt-5, Chinese glosses)",/accounts/public_content/328/,150,PAGE,2,How accurate are the glosses?,4,5
12,Ed Sci Exp 1 Teacher Chinese,121,2025-08-30T12:42:57.709805+00:00,126,yaochunlin,328,"Sumo-Wrestler Tanya Loves Polite Forms of Address (gpt-image-1, gpt-5, Chinese glosses)",/accounts/public_content/328/,150,PAGE,2,How accurate are the glosses?,5,4
12,Ed Sci Exp 1 Teacher Chinese,121,2025-08-30T12:42:57.709805+00:00,126,yaochunlin,328,"Sumo-Wrestler Tanya Loves Polite Forms of Address (gpt-image-1, gpt-5, Chinese glosses)",/accounts/public_content/328/,150,PAGE,2,How accurate are the glosses?,6,4
12,Ed Sci Exp 1 Teacher Chinese,121,2025-08-30T12:42:57.709805+00:00,126,yaochunlin,328,"Sumo-Wrestler Tanya Loves Polite Forms of Address (gpt-image-1, gpt-5, Chinese glosses)",/accounts/public_content/328/,150,PAGE,2,How accurate are the glosses?,7,4
12,Ed Sci Exp 1 Teacher Chinese,121,2025-08-30T12:42:57.709805+00:00,126,yaochunlin,328,"Sumo-Wrestler Tanya Loves Polite Forms of Address (gpt-image-1, gpt-5, Chinese glosses)",/accounts/public_content/328/,150,PAGE,2,How accurate are the glosses?,8,5
12,Ed Sci Exp 1 Teacher Chinese,121,2025-08-30T12:42:57.709805+00:00,126,yaochunlin,328,"Sumo-Wrestler Tanya Loves Polite Forms of Address (gpt-image-1, gpt-5, Chinese glosses)",/accounts/public_content/328/,150,PAGE,2,How accurate are the glosses?,9,5
12,Ed Sci Exp 1 Teacher Chinese,121,2025-08-30T12:42:57.709805+00:00,126,yaochunlin,328,"Sumo-Wrestler Tanya Loves Polite Forms of Address (gpt-image-1, gpt-5, Chinese glosses)",/accounts/public_content/328/,150,PAGE,2,How accurate are the glosses?,10,5
12,Ed Sci Exp 1 Teacher Chinese,121,2025-08-30T12:42:57.709805+00:00,126,yaochunlin,328,"Sumo-Wrestler Tanya Loves Polite Forms of Address (gpt-image-1, gpt-5, Chinese glosses)",/accounts/public_content/328/,150,PAGE,2,How accurate are the glosses?,11,5
12,Ed Sci Exp 1 Teacher Chinese,121,2025-08-30T12:42:57.709805+00:00,126,yaochunlin,328,"Sumo-Wrestler Tanya Loves Polite Forms of Address (gpt-image-1, gpt-5, Chinese glosses)",/accounts/public_content/328/,150,PAGE,2,How accurate are the glosses?,12,5
12,Ed Sci Exp 1 Teacher Chinese,121,2025-08-30T12:42:57.709805+00:00,126,yaochunlin,328,"Sumo-Wrestler Tanya Loves Polite Forms of Address (gpt-image-1, gpt-5, Chinese glosses)",/accounts/public_content/328/,150,PAGE,2,How accurate are the glosses?,13,4
12,Ed Sci Exp 1 Teacher Chinese,121,2025-08-30T12:42:57.709805+00:00,126,yaochunlin,328,"Sumo-Wrestler Tanya Loves Polite Forms of Address (gpt-image-1, gpt-5, Chinese glosses)",/accounts/public_content/328/,150,PAGE,2,How accurate are the glosses?,14,5
12,Ed Sci Exp 1 Teacher Chinese,121,2025-08-30T12:42:57.709805+00:00,126,yaochunlin,328,"Sumo-Wrestler Tanya Loves Polite Forms of Address (gpt-image-1, gpt-5, Chinese glosses)",/accounts/public_content/328/,150,PAGE,2,How accurate are the glosses?,15,5
12,Ed Sci Exp 1 Teacher Chinese,121,2025-08-30T12:42:57.709805+00:00,126,yaochunlin,328,"Sumo-Wrestler Tanya Loves Polite Forms of Address (gpt-image-1, gpt-5, Chinese glosses)",/accounts/public_content/328/,150,PAGE,2,How accurate are the glosses?,16,5
12,Ed Sci Exp 1 Teacher Chinese,121,2025-08-30T12:42:57.709805+00:00,126,yaochunlin,328,"Sumo-Wrestler Tanya Loves Polite Forms of Address (gpt-image-1, gpt-5, Chinese glosses)",/accounts/public_content/328/,150,PAGE,2,How accurate are the glosses?,17,5
12,Ed Sci Exp 1 Teacher Chinese,121,2025-08-30T12:42:57.709805+00:00,126,yaochunlin,328,"Sumo-Wrestler Tanya Loves Polite Forms of Address (gpt-image-1, gpt-5, Chinese glosses)",/accounts/public_content/328/,150,PAGE,2,How accurate are the glosses?,18,5
12,Ed Sci Exp 1 Teacher Chinese,121,2025-08-30T12:42:57.709805+00:00,126,yaochunlin,328,"Sumo-Wrestler Tanya Loves Polite Forms of Address (gpt-image-1, gpt-5, Chinese glosses)",/accounts/public_content/328/,150,PAGE,2,How accurate are the glosses?,19,5
12,Ed Sci Exp 1 Teacher Chinese,121,2025-08-30T12:42:57.709805+00:00,126,yaochunlin,328,"Sumo-Wrestler Tanya Loves Polite Forms of Address (gpt-image-1, gpt-5, Chinese glosses)",/accounts/public_content/328/,150,PAGE,2,How accurate are the glosses?,20,5
12,Ed Sci Exp 1 Teacher Chinese,121,2025-08-30T12:42:57.709805+00:00,126,yaochunlin,328,"Sumo-Wrestler Tanya Loves Polite Forms of Address (gpt-image-1, gpt-5, Chinese glosses)",/accounts/public_content/328/,150,PAGE,2,How accurate are the glosses?,21,4
12,Ed Sci Exp 1 Teacher Chinese,121,2025-08-30T12:42:57.709805+00:00,126,yaochunlin,328,"Sumo-Wrestler Tanya Loves Polite Forms of Address (gpt-image-1, gpt-5, Chinese glosses)",/accounts/public_content/328/,151,PAGE,3,How accurate are the translations?,1,5
12,Ed Sci Exp 1 Teacher Chinese,121,2025-08-30T12:42:57.709805+00:00,126,yaochunlin,328,"Sumo-Wrestler Tanya Loves Polite Forms of Address (gpt-image-1, gpt-5, Chinese glosses)",/accounts/public_content/328/,151,PAGE,3,How accurate are the translations?,2,5
12,Ed Sci Exp 1 Teacher Chinese,121,2025-08-30T12:42:57.709805+00:00,126,yaochunlin,328,"Sumo-Wrestler Tanya Loves Polite Forms of Address (gpt-image-1, gpt-5, Chinese glosses)",/accounts/public_content/328/,151,PAGE,3,How accurate are the translations?,3,5
12,Ed Sci Exp 1 Teacher Chinese,121,2025-08-30T12:42:57.709805+00:00,126,yaochunlin,328,"Sumo-Wrestler Tanya Loves Polite Forms of Address (gpt-image-1, gpt-5, Chinese glosses)",/accounts/public_content/328/,151,PAGE,3,How accurate are the translations?,4,5
12,Ed Sci Exp 1 Teacher Chinese,121,2025-08-30T12:42:57.709805+00:00,126,yaochunlin,328,"Sumo-Wrestler Tanya Loves Polite Forms of Address (gpt-image-1, gpt-5, Chinese glosses)",/accounts/public_content/328/,151,PAGE,3,How accurate are the translations?,5,5
12,Ed Sci Exp 1 Teacher Chinese,121,2025-08-30T12:42:57.709805+00:00,126,yaochunlin,328,"Sumo-Wrestler Tanya Loves Polite Forms of Address (gpt-image-1, gpt-5, Chinese glosses)",/accounts/public_content/328/,151,PAGE,3,How accurate are the translations?,6,5
12,Ed Sci Exp 1 Teacher Chinese,121,2025-08-30T12:42:57.709805+00:00,126,yaochunlin,328,"Sumo-Wrestler Tanya Loves Polite Forms of Address (gpt-image-1, gpt-5, Chinese glosses)",/accounts/public_content/328/,151,PAGE,3,How accurate are the translations?,7,5
12,Ed Sci Exp 1 Teacher Chinese,121,2025-08-30T12:42:57.709805+00:00,126,yaochunlin,328,"Sumo-Wrestler Tanya Loves Polite Forms of Address (gpt-image-1, gpt-5, Chinese glosses)",/accounts/public_content/328/,151,PAGE,3,How accurate are the translations?,8,5
12,Ed Sci Exp 1 Teacher Chinese,121,2025-08-30T12:42:57.709805+00:00,126,yaochunlin,328,"Sumo-Wrestler Tanya Loves Polite Forms of Address (gpt-image-1, gpt-5, Chinese glosses)",/accounts/public_content/328/,151,PAGE,3,How accurate are the translations?,9,5
12,Ed Sci Exp 1 Teacher Chinese,121,2025-08-30T12:42:57.709805+00:00,126,yaochunlin,328,"Sumo-Wrestler Tanya Loves Polite Forms of Address (gpt-image-1, gpt-5, Chinese glosses)",/accounts/public_content/328/,151,PAGE,3,How accurate are the translations?,10,5
12,Ed Sci Exp 1 Teacher Chinese,121,2025-08-30T12:42:57.709805+00:00,126,yaochunlin,328,"Sumo-Wrestler Tanya Loves Polite Forms of Address (gpt-image-1, gpt-5, Chinese glosses)",/accounts/public_content/328/,151,PAGE,3,How accurate are the translations?,11,5
12,Ed Sci Exp 1 Teacher Chinese,121,2025-08-30T12:42:57.709805+00:00,126,yaochunlin,328,"Sumo-Wrestler Tanya Loves Polite Forms of Address (gpt-image-1, gpt-5, Chinese glosses)",/accounts/public_content/328/,151,PAGE,3,How accurate are the translations?,12,5
12,Ed Sci Exp 1 Teacher Chinese,121,2025-08-30T12:42:57.709805+00:00,126,yaochunlin,328,"Sumo-Wrestler Tanya Loves Polite Forms of Address (gpt-image-1, gpt-5, Chinese glosses)",/accounts/public_content/328/,151,PAGE,3,How accurate are the translations?,13,5
12,Ed Sci Exp 1 Teacher Chinese,121,2025-08-30T12:42:57.709805+00:00,126,yaochunlin,328,"Sumo-Wrestler Tanya Loves Polite Forms of Address (gpt-image-1, gpt-5, Chinese glosses)",/accounts/public_content/328/,151,PAGE,3,How accurate are the translations?,14,5
12,Ed Sci Exp 1 Teacher Chinese,121,2025-08-30T12:42:57.709805+00:00,126,yaochunlin,328,"Sumo-Wrestler Tanya Loves Polite Forms of Address (gpt-image-1, gpt-5, Chinese glosses)",/accounts/public_content/328/,151,PAGE,3,How accurate are the translations?,15,5
12,Ed Sci Exp 1 Teacher Chinese,121,2025-08-30T12:42:57.709805+00:00,126,yaochunlin,328,"Sumo-Wrestler Tanya Loves Polite Forms of Address (gpt-image-1, gpt-5, Chinese glosses)",/accounts/public_content/328/,151,PAGE,3,How accurate are the translations?,16,5
12,Ed Sci Exp 1 Teacher Chinese,121,2025-08-30T12:42:57.709805+00:00,126,yaochunlin,328,"Sumo-Wrestler Tanya Loves Polite Forms of Address (gpt-image-1, gpt-5, Chinese glosses)",/accounts/public_content/328/,151,PAGE,3,How accurate are the translations?,17,5
12,Ed Sci Exp 1 Teacher Chinese,121,2025-08-30T12:42:57.709805+00:00,126,yaochunlin,328,"Sumo-Wrestler Tanya Loves Polite Forms of Address (gpt-image-1, gpt-5, Chinese glosses)",/accounts/public_content/328/,151,PAGE,3,How accurate are the translations?,18,4
12,Ed Sci Exp 1 Teacher Chinese,121,2025-08-30T12:42:57.709805+00:00,126,yaochunlin,328,"Sumo-Wrestler Tanya Loves Polite Forms of Address (gpt-image-1, gpt-5, Chinese glosses)",/accounts/public_content/328/,151,PAGE,3,How accurate are the translations?,19,5
12,Ed Sci Exp 1 Teacher Chinese,121,2025-08-30T12:42:57.709805+00:00,126,yaochunlin,328,"Sumo-Wrestler Tanya Loves Polite Forms of Address (gpt-image-1, gpt-5, Chinese glosses)",/accounts/public_content/328/,151,PAGE,3,How accurate are the translations?,20,5
12,Ed Sci Exp 1 Teacher Chinese,121,2025-08-30T12:42:57.709805+00:00,126,yaochunlin,328,"Sumo-Wrestler Tanya Loves Polite Forms of Address (gpt-image-1, gpt-5, Chinese glosses)",/accounts/public_content/328/,151,PAGE,3,How accurate are the translations?,21,5
12,Ed Sci Exp 1 Teacher Chinese,127,2025-09-02T02:16:44.491451+00:00,136,zhangyan,328,"Sumo-Wrestler Tanya Loves Polite Forms of Address (gpt-image-1, gpt-5, Chinese glosses)",/accounts/public_content/328/,129,BOOK,1,How consistent is the style of the images overall?,,5
12,Ed Sci Exp 1 Teacher Chinese,127,2025-09-02T02:16:44.491451+00:00,136,zhangyan,328,"Sumo-Wrestler Tanya Loves Polite Forms of Address (gpt-image-1, gpt-5, Chinese glosses)",/accounts/public_content/328/,130,BOOK,2,How consistent is the appearance of the elements overall?,,5
12,Ed Sci Exp 1 Teacher Chinese,127,2025-09-02T02:16:44.491451+00:00,136,zhangyan,328,"Sumo-Wrestler Tanya Loves Polite Forms of Address (gpt-image-1, gpt-5, Chinese glosses)",/accounts/public_content/328/,131,BOOK,3,How culturally appropriate are the images to the relevant culture?,,4
12,Ed Sci Exp 1 Teacher Chinese,127,2025-09-02T02:16:44.491451+00:00,136,zhangyan,328,"Sumo-Wrestler Tanya Loves Polite Forms of Address (gpt-image-1, gpt-5, Chinese glosses)",/accounts/public_content/328/,132,BOOK,4,How visually appealing do you find the images overall?,,4
12,Ed Sci Exp 1 Teacher Chinese,127,2025-09-02T02:16:44.491451+00:00,136,zhangyan,328,"Sumo-Wrestler Tanya Loves Polite Forms of Address (gpt-image-1, gpt-5, Chinese glosses)",/accounts/public_content/328/,149,PAGE,1,How well does the image correspond to the text?,1,4
12,Ed Sci Exp 1 Teacher Chinese,127,2025-09-02T02:16:44.491451+00:00,136,zhangyan,328,"Sumo-Wrestler Tanya Loves Polite Forms of Address (gpt-image-1, gpt-5, Chinese glosses)",/accounts/public_content/328/,149,PAGE,1,How well does the image correspond to the text?,2,4
12,Ed Sci Exp 1 Teacher Chinese,127,2025-09-02T02:16:44.491451+00:00,136,zhangyan,328,"Sumo-Wrestler Tanya Loves Polite Forms of Address (gpt-image-1, gpt-5, Chinese glosses)",/accounts/public_content/328/,149,PAGE,1,How well does the image correspond to the text?,3,4
12,Ed Sci Exp 1 Teacher Chinese,127,2025-09-02T02:16:44.491451+00:00,136,zhangyan,328,"Sumo-Wrestler Tanya Loves Polite Forms of Address (gpt-image-1, gpt-5, Chinese glosses)",/accounts/public_content/328/,149,PAGE,1,How well does the image correspond to the text?,4,5
12,Ed Sci Exp 1 Teacher Chinese,127,2025-09-02T02:16:44.491451+00:00,136,zhangyan,328,"Sumo-Wrestler Tanya Loves Polite Forms of Address (gpt-image-1, gpt-5, Chinese glosses)",/accounts/public_content/328/,149,PAGE,1,How well does the image correspond to the text?,5,5
12,Ed Sci Exp 1 Teacher Chinese,127,2025-09-02T02:16:44.491451+00:00,136,zhangyan,328,"Sumo-Wrestler Tanya Loves Polite Forms of Address (gpt-image-1, gpt-5, Chinese glosses)",/accounts/public_content/328/,149,PAGE,1,How well does the image correspond to the text?,6,4
12,Ed Sci Exp 1 Teacher Chinese,127,2025-09-02T02:16:44.491451+00:00,136,zhangyan,328,"Sumo-Wrestler Tanya Loves Polite Forms of Address (gpt-image-1, gpt-5, Chinese glosses)",/accounts/public_content/328/,149,PAGE,1,How well does the image correspond to the text?,7,4
12,Ed Sci Exp 1 Teacher Chinese,127,2025-09-02T02:16:44.491451+00:00,136,zhangyan,328,"Sumo-Wrestler Tanya Loves Polite Forms of Address (gpt-image-1, gpt-5, Chinese glosses)",/accounts/public_content/328/,149,PAGE,1,How well does the image correspond to the text?,8,4
12,Ed Sci Exp 1 Teacher Chinese,127,2025-09-02T02:16:44.491451+00:00,136,zhangyan,328,"Sumo-Wrestler Tanya Loves Polite Forms of Address (gpt-image-1, gpt-5, Chinese glosses)",/accounts/public_content/328/,149,PAGE,1,How well does the image correspond to the text?,9,5
12,Ed Sci Exp 1 Teacher Chinese,127,2025-09-02T02:16:44.491451+00:00,136,zhangyan,328,"Sumo-Wrestler Tanya Loves Polite Forms of Address (gpt-image-1, gpt-5, Chinese glosses)",/accounts/public_content/328/,149,PAGE,1,How well does the image correspond to the text?,10,5
12,Ed Sci Exp 1 Teacher Chinese,127,2025-09-02T02:16:44.491451+00:00,136,zhangyan,328,"Sumo-Wrestler Tanya Loves Polite Forms of Address (gpt-image-1, gpt-5, Chinese glosses)",/accounts/public_content/328/,149,PAGE,1,How well does the image correspond to the text?,11,4
12,Ed Sci Exp 1 Teacher Chinese,127,2025-09-02T02:16:44.491451+00:00,136,zhangyan,328,"Sumo-Wrestler Tanya Loves Polite Forms of Address (gpt-image-1, gpt-5, Chinese glosses)",/accounts/public_content/328/,149,PAGE,1,How well does the image correspond to the text?,12,4
12,Ed Sci Exp 1 Teacher Chinese,127,2025-09-02T02:16:44.491451+00:00,136,zhangyan,328,"Sumo-Wrestler Tanya Loves Polite Forms of Address (gpt-image-1, gpt-5, Chinese glosses)",/accounts/public_content/328/,149,PAGE,1,How well does the image correspond to the text?,13,4
12,Ed Sci Exp 1 Teacher Chinese,127,2025-09-02T02:16:44.491451+00:00,136,zhangyan,328,"Sumo-Wrestler Tanya Loves Polite Forms of Address (gpt-image-1, gpt-5, Chinese glosses)",/accounts/public_content/328/,149,PAGE,1,How well does the image correspond to the text?,14,4
12,Ed Sci Exp 1 Teacher Chinese,127,2025-09-02T02:16:44.491451+00:00,136,zhangyan,328,"Sumo-Wrestler Tanya Loves Polite Forms of Address (gpt-image-1, gpt-5, Chinese glosses)",/accounts/public_content/328/,149,PAGE,1,How well does the image correspond to the text?,15,5
12,Ed Sci Exp 1 Teacher Chinese,127,2025-09-02T02:16:44.491451+00:00,136,zhangyan,328,"Sumo-Wrestler Tanya Loves Polite Forms of Address (gpt-image-1, gpt-5, Chinese glosses)",/accounts/public_content/328/,149,PAGE,1,How well does the image correspond to the text?,16,5
12,Ed Sci Exp 1 Teacher Chinese,127,2025-09-02T02:16:44.491451+00:00,136,zhangyan,328,"Sumo-Wrestler Tanya Loves Polite Forms of Address (gpt-image-1, gpt-5, Chinese glosses)",/accounts/public_content/328/,149,PAGE,1,How well does the image correspond to the text?,17,5
12,Ed Sci Exp 1 Teacher Chinese,127,2025-09-02T02:16:44.491451+00:00,136,zhangyan,328,"Sumo-Wrestler Tanya Loves Polite Forms of Address (gpt-image-1, gpt-5, Chinese glosses)",/accounts/public_content/328/,149,PAGE,1,How well does the image correspond to the text?,18,4
12,Ed Sci Exp 1 Teacher Chinese,127,2025-09-02T02:16:44.491451+00:00,136,zhangyan,328,"Sumo-Wrestler Tanya Loves Polite Forms of Address (gpt-image-1, gpt-5, Chinese glosses)",/accounts/public_content/328/,149,PAGE,1,How well does the image correspond to the text?,19,4
12,Ed Sci Exp 1 Teacher Chinese,127,2025-09-02T02:16:44.491451+00:00,136,zhangyan,328,"Sumo-Wrestler Tanya Loves Polite Forms of Address (gpt-image-1, gpt-5, Chinese glosses)",/accounts/public_content/328/,149,PAGE,1,How well does the image correspond to the text?,20,4
12,Ed Sci Exp 1 Teacher Chinese,127,2025-09-02T02:16:44.491451+00:00,136,zhangyan,328,"Sumo-Wrestler Tanya Loves Polite Forms of Address (gpt-image-1, gpt-5, Chinese glosses)",/accounts/public_content/328/,149,PAGE,1,How well does the image correspond to the text?,21,5
12,Ed Sci Exp 1 Teacher Chinese,127,2025-09-02T02:16:44.491451+00:00,136,zhangyan,328,"Sumo-Wrestler Tanya Loves Polite Forms of Address (gpt-image-1, gpt-5, Chinese glosses)",/accounts/public_content/328/,150,PAGE,2,How accurate are the glosses?,1,5
12,Ed Sci Exp 1 Teacher Chinese,127,2025-09-02T02:16:44.491451+00:00,136,zhangyan,328,"Sumo-Wrestler Tanya Loves Polite Forms of Address (gpt-image-1, gpt-5, Chinese glosses)",/accounts/public_content/328/,150,PAGE,2,How accurate are the glosses?,2,5
12,Ed Sci Exp 1 Teacher Chinese,127,2025-09-02T02:16:44.491451+00:00,136,zhangyan,328,"Sumo-Wrestler Tanya Loves Polite Forms of Address (gpt-image-1, gpt-5, Chinese glosses)",/accounts/public_content/328/,150,PAGE,2,How accurate are the glosses?,3,5
12,Ed Sci Exp 1 Teacher Chinese,127,2025-09-02T02:16:44.491451+00:00,136,zhangyan,328,"Sumo-Wrestler Tanya Loves Polite Forms of Address (gpt-image-1, gpt-5, Chinese glosses)",/accounts/public_content/328/,150,PAGE,2,How accurate are the glosses?,4,4
12,Ed Sci Exp 1 Teacher Chinese,127,2025-09-02T02:16:44.491451+00:00,136,zhangyan,328,"Sumo-Wrestler Tanya Loves Polite Forms of Address (gpt-image-1, gpt-5, Chinese glosses)",/accounts/public_content/328/,150,PAGE,2,How accurate are the glosses?,5,4
12,Ed Sci Exp 1 Teacher Chinese,127,2025-09-02T02:16:44.491451+00:00,136,zhangyan,328,"Sumo-Wrestler Tanya Loves Polite Forms of Address (gpt-image-1, gpt-5, Chinese glosses)",/accounts/public_content/328/,150,PAGE,2,How accurate are the glosses?,6,4
12,Ed Sci Exp 1 Teacher Chinese,127,2025-09-02T02:16:44.491451+00:00,136,zhangyan,328,"Sumo-Wrestler Tanya Loves Polite Forms of Address (gpt-image-1, gpt-5, Chinese glosses)",/accounts/public_content/328/,150,PAGE,2,How accurate are the glosses?,7,5
12,Ed Sci Exp 1 Teacher Chinese,127,2025-09-02T02:16:44.491451+00:00,136,zhangyan,328,"Sumo-Wrestler Tanya Loves Polite Forms of Address (gpt-image-1, gpt-5, Chinese glosses)",/accounts/public_content/328/,150,PAGE,2,How accurate are the glosses?,8,4
12,Ed Sci Exp 1 Teacher Chinese,127,2025-09-02T02:16:44.491451+00:00,136,zhangyan,328,"Sumo-Wrestler Tanya Loves Polite Forms of Address (gpt-image-1, gpt-5, Chinese glosses)",/accounts/public_content/328/,150,PAGE,2,How accurate are the glosses?,9,4
12,Ed Sci Exp 1 Teacher Chinese,127,2025-09-02T02:16:44.491451+00:00,136,zhangyan,328,"Sumo-Wrestler Tanya Loves Polite Forms of Address (gpt-image-1, gpt-5, Chinese glosses)",/accounts/public_content/328/,150,PAGE,2,How accurate are the glosses?,10,5
12,Ed Sci Exp 1 Teacher Chinese,127,2025-09-02T02:16:44.491451+00:00,136,zhangyan,328,"Sumo-Wrestler Tanya Loves Polite Forms of Address (gpt-image-1, gpt-5, Chinese glosses)",/accounts/public_content/328/,150,PAGE,2,How accurate are the glosses?,11,5
12,Ed Sci Exp 1 Teacher Chinese,127,2025-09-02T02:16:44.491451+00:00,136,zhangyan,328,"Sumo-Wrestler Tanya Loves Polite Forms of Address (gpt-image-1, gpt-5, Chinese glosses)",/accounts/public_content/328/,150,PAGE,2,How accurate are the glosses?,12,5
12,Ed Sci Exp 1 Teacher Chinese,127,2025-09-02T02:16:44.491451+00:00,136,zhangyan,328,"Sumo-Wrestler Tanya Loves Polite Forms of Address (gpt-image-1, gpt-5, Chinese glosses)",/accounts/public_content/328/,150,PAGE,2,How accurate are the glosses?,13,5
12,Ed Sci Exp 1 Teacher Chinese,127,2025-09-02T02:16:44.491451+00:00,136,zhangyan,328,"Sumo-Wrestler Tanya Loves Polite Forms of Address (gpt-image-1, gpt-5, Chinese glosses)",/accounts/public_content/328/,150,PAGE,2,How accurate are the glosses?,14,5
12,Ed Sci Exp 1 Teacher Chinese,127,2025-09-02T02:16:44.491451+00:00,136,zhangyan,328,"Sumo-Wrestler Tanya Loves Polite Forms of Address (gpt-image-1, gpt-5, Chinese glosses)",/accounts/public_content/328/,150,PAGE,2,How accurate are the glosses?,15,5
12,Ed Sci Exp 1 Teacher Chinese,127,2025-09-02T02:16:44.491451+00:00,136,zhangyan,328,"Sumo-Wrestler Tanya Loves Polite Forms of Address (gpt-image-1, gpt-5, Chinese glosses)",/accounts/public_content/328/,150,PAGE,2,How accurate are the glosses?,16,4
12,Ed Sci Exp 1 Teacher Chinese,127,2025-09-02T02:16:44.491451+00:00,136,zhangyan,328,"Sumo-Wrestler Tanya Loves Polite Forms of Address (gpt-image-1, gpt-5, Chinese glosses)",/accounts/public_content/328/,150,PAGE,2,How accurate are the glosses?,17,5
12,Ed Sci Exp 1 Teacher Chinese,127,2025-09-02T02:16:44.491451+00:00,136,zhangyan,328,"Sumo-Wrestler Tanya Loves Polite Forms of Address (gpt-image-1, gpt-5, Chinese glosses)",/accounts/public_content/328/,150,PAGE,2,How accurate are the glosses?,18,5
12,Ed Sci Exp 1 Teacher Chinese,127,2025-09-02T02:16:44.491451+00:00,136,zhangyan,328,"Sumo-Wrestler Tanya Loves Polite Forms of Address (gpt-image-1, gpt-5, Chinese glosses)",/accounts/public_content/328/,150,PAGE,2,How accurate are the glosses?,19,4
12,Ed Sci Exp 1 Teacher Chinese,127,2025-09-02T02:16:44.491451+00:00,136,zhangyan,328,"Sumo-Wrestler Tanya Loves Polite Forms of Address (gpt-image-1, gpt-5, Chinese glosses)",/accounts/public_content/328/,150,PAGE,2,How accurate are the glosses?,20,5
12,Ed Sci Exp 1 Teacher Chinese,127,2025-09-02T02:16:44.491451+00:00,136,zhangyan,328,"Sumo-Wrestler Tanya Loves Polite Forms of Address (gpt-image-1, gpt-5, Chinese glosses)",/accounts/public_content/328/,150,PAGE,2,How accurate are the glosses?,21,4
12,Ed Sci Exp 1 Teacher Chinese,127,2025-09-02T02:16:44.491451+00:00,136,zhangyan,328,"Sumo-Wrestler Tanya Loves Polite Forms of Address (gpt-image-1, gpt-5, Chinese glosses)",/accounts/public_content/328/,151,PAGE,3,How accurate are the translations?,1,5
12,Ed Sci Exp 1 Teacher Chinese,127,2025-09-02T02:16:44.491451+00:00,136,zhangyan,328,"Sumo-Wrestler Tanya Loves Polite Forms of Address (gpt-image-1, gpt-5, Chinese glosses)",/accounts/public_content/328/,151,PAGE,3,How accurate are the translations?,2,4
12,Ed Sci Exp 1 Teacher Chinese,127,2025-09-02T02:16:44.491451+00:00,136,zhangyan,328,"Sumo-Wrestler Tanya Loves Polite Forms of Address (gpt-image-1, gpt-5, Chinese glosses)",/accounts/public_content/328/,151,PAGE,3,How accurate are the translations?,3,5
12,Ed Sci Exp 1 Teacher Chinese,127,2025-09-02T02:16:44.491451+00:00,136,zhangyan,328,"Sumo-Wrestler Tanya Loves Polite Forms of Address (gpt-image-1, gpt-5, Chinese glosses)",/accounts/public_content/328/,151,PAGE,3,How accurate are the translations?,4,5
12,Ed Sci Exp 1 Teacher Chinese,127,2025-09-02T02:16:44.491451+00:00,136,zhangyan,328,"Sumo-Wrestler Tanya Loves Polite Forms of Address (gpt-image-1, gpt-5, Chinese glosses)",/accounts/public_content/328/,151,PAGE,3,How accurate are the translations?,5,4
12,Ed Sci Exp 1 Teacher Chinese,127,2025-09-02T02:16:44.491451+00:00,136,zhangyan,328,"Sumo-Wrestler Tanya Loves Polite Forms of Address (gpt-image-1, gpt-5, Chinese glosses)",/accounts/public_content/328/,151,PAGE,3,How accurate are the translations?,6,5
12,Ed Sci Exp 1 Teacher Chinese,127,2025-09-02T02:16:44.491451+00:00,136,zhangyan,328,"Sumo-Wrestler Tanya Loves Polite Forms of Address (gpt-image-1, gpt-5, Chinese glosses)",/accounts/public_content/328/,151,PAGE,3,How accurate are the translations?,7,5
12,Ed Sci Exp 1 Teacher Chinese,127,2025-09-02T02:16:44.491451+00:00,136,zhangyan,328,"Sumo-Wrestler Tanya Loves Polite Forms of Address (gpt-image-1, gpt-5, Chinese glosses)",/accounts/public_content/328/,151,PAGE,3,How accurate are the translations?,8,4
12,Ed Sci Exp 1 Teacher Chinese,127,2025-09-02T02:16:44.491451+00:00,136,zhangyan,328,"Sumo-Wrestler Tanya Loves Polite Forms of Address (gpt-image-1, gpt-5, Chinese glosses)",/accounts/public_content/328/,151,PAGE,3,How accurate are the translations?,9,5
12,Ed Sci Exp 1 Teacher Chinese,127,2025-09-02T02:16:44.491451+00:00,136,zhangyan,328,"Sumo-Wrestler Tanya Loves Polite Forms of Address (gpt-image-1, gpt-5, Chinese glosses)",/accounts/public_content/328/,151,PAGE,3,How accurate are the translations?,10,5
12,Ed Sci Exp 1 Teacher Chinese,127,2025-09-02T02:16:44.491451+00:00,136,zhangyan,328,"Sumo-Wrestler Tanya Loves Polite Forms of Address (gpt-image-1, gpt-5, Chinese glosses)",/accounts/public_content/328/,151,PAGE,3,How accurate are the translations?,11,4
12,Ed Sci Exp 1 Teacher Chinese,127,2025-09-02T02:16:44.491451+00:00,136,zhangyan,328,"Sumo-Wrestler Tanya Loves Polite Forms of Address (gpt-image-1, gpt-5, Chinese glosses)",/accounts/public_content/328/,151,PAGE,3,How accurate are the translations?,12,5
12,Ed Sci Exp 1 Teacher Chinese,127,2025-09-02T02:16:44.491451+00:00,136,zhangyan,328,"Sumo-Wrestler Tanya Loves Polite Forms of Address (gpt-image-1, gpt-5, Chinese glosses)",/accounts/public_content/328/,151,PAGE,3,How accurate are the translations?,13,4
12,Ed Sci Exp 1 Teacher Chinese,127,2025-09-02T02:16:44.491451+00:00,136,zhangyan,328,"Sumo-Wrestler Tanya Loves Polite Forms of Address (gpt-image-1, gpt-5, Chinese glosses)",/accounts/public_content/328/,151,PAGE,3,How accurate are the translations?,14,5
12,Ed Sci Exp 1 Teacher Chinese,127,2025-09-02T02:16:44.491451+00:00,136,zhangyan,328,"Sumo-Wrestler Tanya Loves Polite Forms of Address (gpt-image-1, gpt-5, Chinese glosses)",/accounts/public_content/328/,151,PAGE,3,How accurate are the translations?,15,4
12,Ed Sci Exp 1 Teacher Chinese,127,2025-09-02T02:16:44.491451+00:00,136,zhangyan,328,"Sumo-Wrestler Tanya Loves Polite Forms of Address (gpt-image-1, gpt-5, Chinese glosses)",/accounts/public_content/328/,151,PAGE,3,How accurate are the translations?,16,5
12,Ed Sci Exp 1 Teacher Chinese,127,2025-09-02T02:16:44.491451+00:00,136,zhangyan,328,"Sumo-Wrestler Tanya Loves Polite Forms of Address (gpt-image-1, gpt-5, Chinese glosses)",/accounts/public_content/328/,151,PAGE,3,How accurate are the translations?,17,5
12,Ed Sci Exp 1 Teacher Chinese,127,2025-09-02T02:16:44.491451+00:00,136,zhangyan,328,"Sumo-Wrestler Tanya Loves Polite Forms of Address (gpt-image-1, gpt-5, Chinese glosses)",/accounts/public_content/328/,151,PAGE,3,How accurate are the translations?,18,4
12,Ed Sci Exp 1 Teacher Chinese,127,2025-09-02T02:16:44.491451+00:00,136,zhangyan,328,"Sumo-Wrestler Tanya Loves Polite Forms of Address (gpt-image-1, gpt-5, Chinese glosses)",/accounts/public_content/328/,151,PAGE,3,How accurate are the translations?,19,5
12,Ed Sci Exp 1 Teacher Chinese,127,2025-09-02T02:16:44.491451+00:00,136,zhangyan,328,"Sumo-Wrestler Tanya Loves Polite Forms of Address (gpt-image-1, gpt-5, Chinese glosses)",/accounts/public_content/328/,151,PAGE,3,How accurate are the translations?,20,5
12,Ed Sci Exp 1 Teacher Chinese,127,2025-09-02T02:16:44.491451+00:00,136,zhangyan,328,"Sumo-Wrestler Tanya Loves Polite Forms of Address (gpt-image-1, gpt-5, Chinese glosses)",/accounts/public_content/328/,151,PAGE,3,How accurate are the translations?,21,5
12,Ed Sci Exp 1 Teacher Chinese,133,2025-09-02T02:52:51.677251+00:00,137,weiwei,328,"Sumo-Wrestler Tanya Loves Polite Forms of Address (gpt-image-1, gpt-5, Chinese glosses)",/accounts/public_content/328/,129,BOOK,1,How consistent is the style of the images overall?,,4
12,Ed Sci Exp 1 Teacher Chinese,133,2025-09-02T02:52:51.677251+00:00,137,weiwei,328,"Sumo-Wrestler Tanya Loves Polite Forms of Address (gpt-image-1, gpt-5, Chinese glosses)",/accounts/public_content/328/,130,BOOK,2,How consistent is the appearance of the elements overall?,,5
12,Ed Sci Exp 1 Teacher Chinese,133,2025-09-02T02:52:51.677251+00:00,137,weiwei,328,"Sumo-Wrestler Tanya Loves Polite Forms of Address (gpt-image-1, gpt-5, Chinese glosses)",/accounts/public_content/328/,131,BOOK,3,How culturally appropriate are the images to the relevant culture?,,5
12,Ed Sci Exp 1 Teacher Chinese,133,2025-09-02T02:52:51.677251+00:00,137,weiwei,328,"Sumo-Wrestler Tanya Loves Polite Forms of Address (gpt-image-1, gpt-5, Chinese glosses)",/accounts/public_content/328/,132,BOOK,4,How visually appealing do you find the images overall?,,4
12,Ed Sci Exp 1 Teacher Chinese,133,2025-09-02T02:52:51.677251+00:00,137,weiwei,328,"Sumo-Wrestler Tanya Loves Polite Forms of Address (gpt-image-1, gpt-5, Chinese glosses)",/accounts/public_content/328/,149,PAGE,1,How well does the image correspond to the text?,1,4
12,Ed Sci Exp 1 Teacher Chinese,133,2025-09-02T02:52:51.677251+00:00,137,weiwei,328,"Sumo-Wrestler Tanya Loves Polite Forms of Address (gpt-image-1, gpt-5, Chinese glosses)",/accounts/public_content/328/,149,PAGE,1,How well does the image correspond to the text?,2,4
12,Ed Sci Exp 1 Teacher Chinese,133,2025-09-02T02:52:51.677251+00:00,137,weiwei,328,"Sumo-Wrestler Tanya Loves Polite Forms of Address (gpt-image-1, gpt-5, Chinese glosses)",/accounts/public_content/328/,149,PAGE,1,How well does the image correspond to the text?,3,4
12,Ed Sci Exp 1 Teacher Chinese,133,2025-09-02T02:52:51.677251+00:00,137,weiwei,328,"Sumo-Wrestler Tanya Loves Polite Forms of Address (gpt-image-1, gpt-5, Chinese glosses)",/accounts/public_content/328/,149,PAGE,1,How well does the image correspond to the text?,4,4
12,Ed Sci Exp 1 Teacher Chinese,133,2025-09-02T02:52:51.677251+00:00,137,weiwei,328,"Sumo-Wrestler Tanya Loves Polite Forms of Address (gpt-image-1, gpt-5, Chinese glosses)",/accounts/public_content/328/,149,PAGE,1,How well does the image correspond to the text?,5,4
12,Ed Sci Exp 1 Teacher Chinese,133,2025-09-02T02:52:51.677251+00:00,137,weiwei,328,"Sumo-Wrestler Tanya Loves Polite Forms of Address (gpt-image-1, gpt-5, Chinese glosses)",/accounts/public_content/328/,149,PAGE,1,How well does the image correspond to the text?,6,5
12,Ed Sci Exp 1 Teacher Chinese,133,2025-09-02T02:52:51.677251+00:00,137,weiwei,328,"Sumo-Wrestler Tanya Loves Polite Forms of Address (gpt-image-1, gpt-5, Chinese glosses)",/accounts/public_content/328/,149,PAGE,1,How well does the image correspond to the text?,7,4
12,Ed Sci Exp 1 Teacher Chinese,133,2025-09-02T02:52:51.677251+00:00,137,weiwei,328,"Sumo-Wrestler Tanya Loves Polite Forms of Address (gpt-image-1, gpt-5, Chinese glosses)",/accounts/public_content/328/,149,PAGE,1,How well does the image correspond to the text?,8,4
12,Ed Sci Exp 1 Teacher Chinese,133,2025-09-02T02:52:51.677251+00:00,137,weiwei,328,"Sumo-Wrestler Tanya Loves Polite Forms of Address (gpt-image-1, gpt-5, Chinese glosses)",/accounts/public_content/328/,149,PAGE,1,How well does the image correspond to the text?,9,5
12,Ed Sci Exp 1 Teacher Chinese,133,2025-09-02T02:52:51.677251+00:00,137,weiwei,328,"Sumo-Wrestler Tanya Loves Polite Forms of Address (gpt-image-1, gpt-5, Chinese glosses)",/accounts/public_content/328/,149,PAGE,1,How well does the image correspond to the text?,10,5
12,Ed Sci Exp 1 Teacher Chinese,133,2025-09-02T02:52:51.677251+00:00,137,weiwei,328,"Sumo-Wrestler Tanya Loves Polite Forms of Address (gpt-image-1, gpt-5, Chinese glosses)",/accounts/public_content/328/,149,PAGE,1,How well does the image correspond to the text?,11,4
12,Ed Sci Exp 1 Teacher Chinese,133,2025-09-02T02:52:51.677251+00:00,137,weiwei,328,"Sumo-Wrestler Tanya Loves Polite Forms of Address (gpt-image-1, gpt-5, Chinese glosses)",/accounts/public_content/328/,149,PAGE,1,How well does the image correspond to the text?,12,4
12,Ed Sci Exp 1 Teacher Chinese,133,2025-09-02T02:52:51.677251+00:00,137,weiwei,328,"Sumo-Wrestler Tanya Loves Polite Forms of Address (gpt-image-1, gpt-5, Chinese glosses)",/accounts/public_content/328/,149,PAGE,1,How well does the image correspond to the text?,13,4
12,Ed Sci Exp 1 Teacher Chinese,133,2025-09-02T02:52:51.677251+00:00,137,weiwei,328,"Sumo-Wrestler Tanya Loves Polite Forms of Address (gpt-image-1, gpt-5, Chinese glosses)",/accounts/public_content/328/,149,PAGE,1,How well does the image correspond to the text?,14,4
12,Ed Sci Exp 1 Teacher Chinese,133,2025-09-02T02:52:51.677251+00:00,137,weiwei,328,"Sumo-Wrestler Tanya Loves Polite Forms of Address (gpt-image-1, gpt-5, Chinese glosses)",/accounts/public_content/328/,149,PAGE,1,How well does the image correspond to the text?,15,5
12,Ed Sci Exp 1 Teacher Chinese,133,2025-09-02T02:52:51.677251+00:00,137,weiwei,328,"Sumo-Wrestler Tanya Loves Polite Forms of Address (gpt-image-1, gpt-5, Chinese glosses)",/accounts/public_content/328/,149,PAGE,1,How well does the image correspond to the text?,16,5
12,Ed Sci Exp 1 Teacher Chinese,133,2025-09-02T02:52:51.677251+00:00,137,weiwei,328,"Sumo-Wrestler Tanya Loves Polite Forms of Address (gpt-image-1, gpt-5, Chinese glosses)",/accounts/public_content/328/,149,PAGE,1,How well does the image correspond to the text?,17,5
12,Ed Sci Exp 1 Teacher Chinese,133,2025-09-02T02:52:51.677251+00:00,137,weiwei,328,"Sumo-Wrestler Tanya Loves Polite Forms of Address (gpt-image-1, gpt-5, Chinese glosses)",/accounts/public_content/328/,149,PAGE,1,How well does the image correspond to the text?,18,4
12,Ed Sci Exp 1 Teacher Chinese,133,2025-09-02T02:52:51.677251+00:00,137,weiwei,328,"Sumo-Wrestler Tanya Loves Polite Forms of Address (gpt-image-1, gpt-5, Chinese glosses)",/accounts/public_content/328/,149,PAGE,1,How well does the image correspond to the text?,19,4
12,Ed Sci Exp 1 Teacher Chinese,133,2025-09-02T02:52:51.677251+00:00,137,weiwei,328,"Sumo-Wrestler Tanya Loves Polite Forms of Address (gpt-image-1, gpt-5, Chinese glosses)",/accounts/public_content/328/,149,PAGE,1,How well does the image correspond to the text?,20,5
12,Ed Sci Exp 1 Teacher Chinese,133,2025-09-02T02:52:51.677251+00:00,137,weiwei,328,"Sumo-Wrestler Tanya Loves Polite Forms of Address (gpt-image-1, gpt-5, Chinese glosses)",/accounts/public_content/328/,149,PAGE,1,How well does the image correspond to the text?,21,5
12,Ed Sci Exp 1 Teacher Chinese,133,2025-09-02T02:52:51.677251+00:00,137,weiwei,328,"Sumo-Wrestler Tanya Loves Polite Forms of Address (gpt-image-1, gpt-5, Chinese glosses)",/accounts/public_content/328/,150,PAGE,2,How accurate are the glosses?,1,5
12,Ed Sci Exp 1 Teacher Chinese,133,2025-09-02T02:52:51.677251+00:00,137,weiwei,328,"Sumo-Wrestler Tanya Loves Polite Forms of Address (gpt-image-1, gpt-5, Chinese glosses)",/accounts/public_content/328/,150,PAGE,2,How accurate are the glosses?,2,4
12,Ed Sci Exp 1 Teacher Chinese,133,2025-09-02T02:52:51.677251+00:00,137,weiwei,328,"Sumo-Wrestler Tanya Loves Polite Forms of Address (gpt-image-1, gpt-5, Chinese glosses)",/accounts/public_content/328/,150,PAGE,2,How accurate are the glosses?,3,5
12,Ed Sci Exp 1 Teacher Chinese,133,2025-09-02T02:52:51.677251+00:00,137,weiwei,328,"Sumo-Wrestler Tanya Loves Polite Forms of Address (gpt-image-1, gpt-5, Chinese glosses)",/accounts/public_content/328/,150,PAGE,2,How accurate are the glosses?,4,4
12,Ed Sci Exp 1 Teacher Chinese,133,2025-09-02T02:52:51.677251+00:00,137,weiwei,328,"Sumo-Wrestler Tanya Loves Polite Forms of Address (gpt-image-1, gpt-5, Chinese glosses)",/accounts/public_content/328/,150,PAGE,2,How accurate are the glosses?,5,4
12,Ed Sci Exp 1 Teacher Chinese,133,2025-09-02T02:52:51.677251+00:00,137,weiwei,328,"Sumo-Wrestler Tanya Loves Polite Forms of Address (gpt-image-1, gpt-5, Chinese glosses)",/accounts/public_content/328/,150,PAGE,2,How accurate are the glosses?,6,5
12,Ed Sci Exp 1 Teacher Chinese,133,2025-09-02T02:52:51.677251+00:00,137,weiwei,328,"Sumo-Wrestler Tanya Loves Polite Forms of Address (gpt-image-1, gpt-5, Chinese glosses)",/accounts/public_content/328/,150,PAGE,2,How accurate are the glosses?,7,4
12,Ed Sci Exp 1 Teacher Chinese,133,2025-09-02T02:52:51.677251+00:00,137,weiwei,328,"Sumo-Wrestler Tanya Loves Polite Forms of Address (gpt-image-1, gpt-5, Chinese glosses)",/accounts/public_content/328/,150,PAGE,2,How accurate are the glosses?,8,5
12,Ed Sci Exp 1 Teacher Chinese,133,2025-09-02T02:52:51.677251+00:00,137,weiwei,328,"Sumo-Wrestler Tanya Loves Polite Forms of Address (gpt-image-1, gpt-5, Chinese glosses)",/accounts/public_content/328/,150,PAGE,2,How accurate are the glosses?,9,5
12,Ed Sci Exp 1 Teacher Chinese,133,2025-09-02T02:52:51.677251+00:00,137,weiwei,328,"Sumo-Wrestler Tanya Loves Polite Forms of Address (gpt-image-1, gpt-5, Chinese glosses)",/accounts/public_content/328/,150,PAGE,2,How accurate are the glosses?,10,4
12,Ed Sci Exp 1 Teacher Chinese,133,2025-09-02T02:52:51.677251+00:00,137,weiwei,328,"Sumo-Wrestler Tanya Loves Polite Forms of Address (gpt-image-1, gpt-5, Chinese glosses)",/accounts/public_content/328/,150,PAGE,2,How accurate are the glosses?,11,5
12,Ed Sci Exp 1 Teacher Chinese,133,2025-09-02T02:52:51.677251+00:00,137,weiwei,328,"Sumo-Wrestler Tanya Loves Polite Forms of Address (gpt-image-1, gpt-5, Chinese glosses)",/accounts/public_content/328/,150,PAGE,2,How accurate are the glosses?,12,5
12,Ed Sci Exp 1 Teacher Chinese,133,2025-09-02T02:52:51.677251+00:00,137,weiwei,328,"Sumo-Wrestler Tanya Loves Polite Forms of Address (gpt-image-1, gpt-5, Chinese glosses)",/accounts/public_content/328/,150,PAGE,2,How accurate are the glosses?,13,5
12,Ed Sci Exp 1 Teacher Chinese,133,2025-09-02T02:52:51.677251+00:00,137,weiwei,328,"Sumo-Wrestler Tanya Loves Polite Forms of Address (gpt-image-1, gpt-5, Chinese glosses)",/accounts/public_content/328/,150,PAGE,2,How accurate are the glosses?,14,5
12,Ed Sci Exp 1 Teacher Chinese,133,2025-09-02T02:52:51.677251+00:00,137,weiwei,328,"Sumo-Wrestler Tanya Loves Polite Forms of Address (gpt-image-1, gpt-5, Chinese glosses)",/accounts/public_content/328/,150,PAGE,2,How accurate are the glosses?,15,5
12,Ed Sci Exp 1 Teacher Chinese,133,2025-09-02T02:52:51.677251+00:00,137,weiwei,328,"Sumo-Wrestler Tanya Loves Polite Forms of Address (gpt-image-1, gpt-5, Chinese glosses)",/accounts/public_content/328/,150,PAGE,2,How accurate are the glosses?,16,4
12,Ed Sci Exp 1 Teacher Chinese,133,2025-09-02T02:52:51.677251+00:00,137,weiwei,328,"Sumo-Wrestler Tanya Loves Polite Forms of Address (gpt-image-1, gpt-5, Chinese glosses)",/accounts/public_content/328/,150,PAGE,2,How accurate are the glosses?,17,4
12,Ed Sci Exp 1 Teacher Chinese,133,2025-09-02T02:52:51.677251+00:00,137,weiwei,328,"Sumo-Wrestler Tanya Loves Polite Forms of Address (gpt-image-1, gpt-5, Chinese glosses)",/accounts/public_content/328/,150,PAGE,2,How accurate are the glosses?,18,4
12,Ed Sci Exp 1 Teacher Chinese,133,2025-09-02T02:52:51.677251+00:00,137,weiwei,328,"Sumo-Wrestler Tanya Loves Polite Forms of Address (gpt-image-1, gpt-5, Chinese glosses)",/accounts/public_content/328/,150,PAGE,2,How accurate are the glosses?,19,5
12,Ed Sci Exp 1 Teacher Chinese,133,2025-09-02T02:52:51.677251+00:00,137,weiwei,328,"Sumo-Wrestler Tanya Loves Polite Forms of Address (gpt-image-1, gpt-5, Chinese glosses)",/accounts/public_content/328/,150,PAGE,2,How accurate are the glosses?,20,4
12,Ed Sci Exp 1 Teacher Chinese,133,2025-09-02T02:52:51.677251+00:00,137,weiwei,328,"Sumo-Wrestler Tanya Loves Polite Forms of Address (gpt-image-1, gpt-5, Chinese glosses)",/accounts/public_content/328/,150,PAGE,2,How accurate are the glosses?,21,5
12,Ed Sci Exp 1 Teacher Chinese,133,2025-09-02T02:52:51.677251+00:00,137,weiwei,328,"Sumo-Wrestler Tanya Loves Polite Forms of Address (gpt-image-1, gpt-5, Chinese glosses)",/accounts/public_content/328/,151,PAGE,3,How accurate are the translations?,1,5
12,Ed Sci Exp 1 Teacher Chinese,133,2025-09-02T02:52:51.677251+00:00,137,weiwei,328,"Sumo-Wrestler Tanya Loves Polite Forms of Address (gpt-image-1, gpt-5, Chinese glosses)",/accounts/public_content/328/,151,PAGE,3,How accurate are the translations?,2,4
12,Ed Sci Exp 1 Teacher Chinese,133,2025-09-02T02:52:51.677251+00:00,137,weiwei,328,"Sumo-Wrestler Tanya Loves Polite Forms of Address (gpt-image-1, gpt-5, Chinese glosses)",/accounts/public_content/328/,151,PAGE,3,How accurate are the translations?,3,4
12,Ed Sci Exp 1 Teacher Chinese,133,2025-09-02T02:52:51.677251+00:00,137,weiwei,328,"Sumo-Wrestler Tanya Loves Polite Forms of Address (gpt-image-1, gpt-5, Chinese glosses)",/accounts/public_content/328/,151,PAGE,3,How accurate are the translations?,4,5
12,Ed Sci Exp 1 Teacher Chinese,133,2025-09-02T02:52:51.677251+00:00,137,weiwei,328,"Sumo-Wrestler Tanya Loves Polite Forms of Address (gpt-image-1, gpt-5, Chinese glosses)",/accounts/public_content/328/,151,PAGE,3,How accurate are the translations?,5,5
12,Ed Sci Exp 1 Teacher Chinese,133,2025-09-02T02:52:51.677251+00:00,137,weiwei,328,"Sumo-Wrestler Tanya Loves Polite Forms of Address (gpt-image-1, gpt-5, Chinese glosses)",/accounts/public_content/328/,151,PAGE,3,How accurate are the translations?,6,5
12,Ed Sci Exp 1 Teacher Chinese,133,2025-09-02T02:52:51.677251+00:00,137,weiwei,328,"Sumo-Wrestler Tanya Loves Polite Forms of Address (gpt-image-1, gpt-5, Chinese glosses)",/accounts/public_content/328/,151,PAGE,3,How accurate are the translations?,7,5
12,Ed Sci Exp 1 Teacher Chinese,133,2025-09-02T02:52:51.677251+00:00,137,weiwei,328,"Sumo-Wrestler Tanya Loves Polite Forms of Address (gpt-image-1, gpt-5, Chinese glosses)",/accounts/public_content/328/,151,PAGE,3,How accurate are the translations?,8,5
12,Ed Sci Exp 1 Teacher Chinese,133,2025-09-02T02:52:51.677251+00:00,137,weiwei,328,"Sumo-Wrestler Tanya Loves Polite Forms of Address (gpt-image-1, gpt-5, Chinese glosses)",/accounts/public_content/328/,151,PAGE,3,How accurate are the translations?,9,5
12,Ed Sci Exp 1 Teacher Chinese,133,2025-09-02T02:52:51.677251+00:00,137,weiwei,328,"Sumo-Wrestler Tanya Loves Polite Forms of Address (gpt-image-1, gpt-5, Chinese glosses)",/accounts/public_content/328/,151,PAGE,3,How accurate are the translations?,10,5
12,Ed Sci Exp 1 Teacher Chinese,133,2025-09-02T02:52:51.677251+00:00,137,weiwei,328,"Sumo-Wrestler Tanya Loves Polite Forms of Address (gpt-image-1, gpt-5, Chinese glosses)",/accounts/public_content/328/,151,PAGE,3,How accurate are the translations?,11,5
12,Ed Sci Exp 1 Teacher Chinese,133,2025-09-02T02:52:51.677251+00:00,137,weiwei,328,"Sumo-Wrestler Tanya Loves Polite Forms of Address (gpt-image-1, gpt-5, Chinese glosses)",/accounts/public_content/328/,151,PAGE,3,How accurate are the translations?,12,5
12,Ed Sci Exp 1 Teacher Chinese,133,2025-09-02T02:52:51.677251+00:00,137,weiwei,328,"Sumo-Wrestler Tanya Loves Polite Forms of Address (gpt-image-1, gpt-5, Chinese glosses)",/accounts/public_content/328/,151,PAGE,3,How accurate are the translations?,13,5
12,Ed Sci Exp 1 Teacher Chinese,133,2025-09-02T02:52:51.677251+00:00,137,weiwei,328,"Sumo-Wrestler Tanya Loves Polite Forms of Address (gpt-image-1, gpt-5, Chinese glosses)",/accounts/public_content/328/,151,PAGE,3,How accurate are the translations?,14,5
12,Ed Sci Exp 1 Teacher Chinese,133,2025-09-02T02:52:51.677251+00:00,137,weiwei,328,"Sumo-Wrestler Tanya Loves Polite Forms of Address (gpt-image-1, gpt-5, Chinese glosses)",/accounts/public_content/328/,151,PAGE,3,How accurate are the translations?,15,5
12,Ed Sci Exp 1 Teacher Chinese,133,2025-09-02T02:52:51.677251+00:00,137,weiwei,328,"Sumo-Wrestler Tanya Loves Polite Forms of Address (gpt-image-1, gpt-5, Chinese glosses)",/accounts/public_content/328/,151,PAGE,3,How accurate are the translations?,16,5
12,Ed Sci Exp 1 Teacher Chinese,133,2025-09-02T02:52:51.677251+00:00,137,weiwei,328,"Sumo-Wrestler Tanya Loves Polite Forms of Address (gpt-image-1, gpt-5, Chinese glosses)",/accounts/public_content/328/,151,PAGE,3,How accurate are the translations?,17,5
12,Ed Sci Exp 1 Teacher Chinese,133,2025-09-02T02:52:51.677251+00:00,137,weiwei,328,"Sumo-Wrestler Tanya Loves Polite Forms of Address (gpt-image-1, gpt-5, Chinese glosses)",/accounts/public_content/328/,151,PAGE,3,How accurate are the translations?,18,5
12,Ed Sci Exp 1 Teacher Chinese,133,2025-09-02T02:52:51.677251+00:00,137,weiwei,328,"Sumo-Wrestler Tanya Loves Polite Forms of Address (gpt-image-1, gpt-5, Chinese glosses)",/accounts/public_content/328/,151,PAGE,3,How accurate are the translations?,19,4
12,Ed Sci Exp 1 Teacher Chinese,133,2025-09-02T02:52:51.677251+00:00,137,weiwei,328,"Sumo-Wrestler Tanya Loves Polite Forms of Address (gpt-image-1, gpt-5, Chinese glosses)",/accounts/public_content/328/,151,PAGE,3,How accurate are the translations?,20,5
12,Ed Sci Exp 1 Teacher Chinese,133,2025-09-02T02:52:51.677251+00:00,137,weiwei,328,"Sumo-Wrestler Tanya Loves Polite Forms of Address (gpt-image-1, gpt-5, Chinese glosses)",/accounts/public_content/328/,151,PAGE,3,How accurate are the translations?,21,5
12,Ed Sci Exp 1 Teacher Chinese,139,2025-09-02T03:28:56.173152+00:00,138,chunying,328,"Sumo-Wrestler Tanya Loves Polite Forms of Address (gpt-image-1, gpt-5, Chinese glosses)",/accounts/public_content/328/,129,BOOK,1,How consistent is the style of the images overall?,,4
12,Ed Sci Exp 1 Teacher Chinese,139,2025-09-02T03:28:56.173152+00:00,138,chunying,328,"Sumo-Wrestler Tanya Loves Polite Forms of Address (gpt-image-1, gpt-5, Chinese glosses)",/accounts/public_content/328/,130,BOOK,2,How consistent is the appearance of the elements overall?,,4
12,Ed Sci Exp 1 Teacher Chinese,139,2025-09-02T03:28:56.173152+00:00,138,chunying,328,"Sumo-Wrestler Tanya Loves Polite Forms of Address (gpt-image-1, gpt-5, Chinese glosses)",/accounts/public_content/328/,131,BOOK,3,How culturally appropriate are the images to the relevant culture?,,5
12,Ed Sci Exp 1 Teacher Chinese,139,2025-09-02T03:28:56.173152+00:00,138,chunying,328,"Sumo-Wrestler Tanya Loves Polite Forms of Address (gpt-image-1, gpt-5, Chinese glosses)",/accounts/public_content/328/,132,BOOK,4,How visually appealing do you find the images overall?,,5
12,Ed Sci Exp 1 Teacher Chinese,139,2025-09-02T03:28:56.173152+00:00,138,chunying,328,"Sumo-Wrestler Tanya Loves Polite Forms of Address (gpt-image-1, gpt-5, Chinese glosses)",/accounts/public_content/328/,149,PAGE,1,How well does the image correspond to the text?,1,4
12,Ed Sci Exp 1 Teacher Chinese,139,2025-09-02T03:28:56.173152+00:00,138,chunying,328,"Sumo-Wrestler Tanya Loves Polite Forms of Address (gpt-image-1, gpt-5, Chinese glosses)",/accounts/public_content/328/,149,PAGE,1,How well does the image correspond to the text?,2,4
12,Ed Sci Exp 1 Teacher Chinese,139,2025-09-02T03:28:56.173152+00:00,138,chunying,328,"Sumo-Wrestler Tanya Loves Polite Forms of Address (gpt-image-1, gpt-5, Chinese glosses)",/accounts/public_content/328/,149,PAGE,1,How well does the image correspond to the text?,3,4
12,Ed Sci Exp 1 Teacher Chinese,139,2025-09-02T03:28:56.173152+00:00,138,chunying,328,"Sumo-Wrestler Tanya Loves Polite Forms of Address (gpt-image-1, gpt-5, Chinese glosses)",/accounts/public_content/328/,149,PAGE,1,How well does the image correspond to the text?,4,5
12,Ed Sci Exp 1 Teacher Chinese,139,2025-09-02T03:28:56.173152+00:00,138,chunying,328,"Sumo-Wrestler Tanya Loves Polite Forms of Address (gpt-image-1, gpt-5, Chinese glosses)",/accounts/public_content/328/,149,PAGE,1,How well does the image correspond to the text?,5,4
12,Ed Sci Exp 1 Teacher Chinese,139,2025-09-02T03:28:56.173152+00:00,138,chunying,328,"Sumo-Wrestler Tanya Loves Polite Forms of Address (gpt-image-1, gpt-5, Chinese glosses)",/accounts/public_content/328/,149,PAGE,1,How well does the image correspond to the text?,6,5
12,Ed Sci Exp 1 Teacher Chinese,139,2025-09-02T03:28:56.173152+00:00,138,chunying,328,"Sumo-Wrestler Tanya Loves Polite Forms of Address (gpt-image-1, gpt-5, Chinese glosses)",/accounts/public_content/328/,149,PAGE,1,How well does the image correspond to the text?,7,4
12,Ed Sci Exp 1 Teacher Chinese,139,2025-09-02T03:28:56.173152+00:00,138,chunying,328,"Sumo-Wrestler Tanya Loves Polite Forms of Address (gpt-image-1, gpt-5, Chinese glosses)",/accounts/public_content/328/,149,PAGE,1,How well does the image correspond to the text?,8,4
12,Ed Sci Exp 1 Teacher Chinese,139,2025-09-02T03:28:56.173152+00:00,138,chunying,328,"Sumo-Wrestler Tanya Loves Polite Forms of Address (gpt-image-1, gpt-5, Chinese glosses)",/accounts/public_content/328/,149,PAGE,1,How well does the image correspond to the text?,9,5
12,Ed Sci Exp 1 Teacher Chinese,139,2025-09-02T03:28:56.173152+00:00,138,chunying,328,"Sumo-Wrestler Tanya Loves Polite Forms of Address (gpt-image-1, gpt-5, Chinese glosses)",/accounts/public_content/328/,149,PAGE,1,How well does the image correspond to the text?,10,5
12,Ed Sci Exp 1 Teacher Chinese,139,2025-09-02T03:28:56.173152+00:00,138,chunying,328,"Sumo-Wrestler Tanya Loves Polite Forms of Address (gpt-image-1, gpt-5, Chinese glosses)",/accounts/public_content/328/,149,PAGE,1,How well does the image correspond to the text?,11,4
12,Ed Sci Exp 1 Teacher Chinese,139,2025-09-02T03:28:56.173152+00:00,138,chunying,328,"Sumo-Wrestler Tanya Loves Polite Forms of Address (gpt-image-1, gpt-5, Chinese glosses)",/accounts/public_content/328/,149,PAGE,1,How well does the image correspond to the text?,12,4
12,Ed Sci Exp 1 Teacher Chinese,139,2025-09-02T03:28:56.173152+00:00,138,chunying,328,"Sumo-Wrestler Tanya Loves Polite Forms of Address (gpt-image-1, gpt-5, Chinese glosses)",/accounts/public_content/328/,149,PAGE,1,How well does the image correspond to the text?,13,4
12,Ed Sci Exp 1 Teacher Chinese,139,2025-09-02T03:28:56.173152+00:00,138,chunying,328,"Sumo-Wrestler Tanya Loves Polite Forms of Address (gpt-image-1, gpt-5, Chinese glosses)",/accounts/public_content/328/,149,PAGE,1,How well does the image correspond to the text?,14,4
12,Ed Sci Exp 1 Teacher Chinese,139,2025-09-02T03:28:56.173152+00:00,138,chunying,328,"Sumo-Wrestler Tanya Loves Polite Forms of Address (gpt-image-1, gpt-5, Chinese glosses)",/accounts/public_content/328/,149,PAGE,1,How well does the image correspond to the text?,15,5
12,Ed Sci Exp 1 Teacher Chinese,139,2025-09-02T03:28:56.173152+00:00,138,chunying,328,"Sumo-Wrestler Tanya Loves Polite Forms of Address (gpt-image-1, gpt-5, Chinese glosses)",/accounts/public_content/328/,149,PAGE,1,How well does the image correspond to the text?,16,5
12,Ed Sci Exp 1 Teacher Chinese,139,2025-09-02T03:28:56.173152+00:00,138,chunying,328,"Sumo-Wrestler Tanya Loves Polite Forms of Address (gpt-image-1, gpt-5, Chinese glosses)",/accounts/public_content/328/,149,PAGE,1,How well does the image correspond to the text?,17,5
12,Ed Sci Exp 1 Teacher Chinese,139,2025-09-02T03:28:56.173152+00:00,138,chunying,328,"Sumo-Wrestler Tanya Loves Polite Forms of Address (gpt-image-1, gpt-5, Chinese glosses)",/accounts/public_content/328/,149,PAGE,1,How well does the image correspond to the text?,18,4
12,Ed Sci Exp 1 Teacher Chinese,139,2025-09-02T03:28:56.173152+00:00,138,chunying,328,"Sumo-Wrestler Tanya Loves Polite Forms of Address (gpt-image-1, gpt-5, Chinese glosses)",/accounts/public_content/328/,149,PAGE,1,How well does the image correspond to the text?,19,4
12,Ed Sci Exp 1 Teacher Chinese,139,2025-09-02T03:28:56.173152+00:00,138,chunying,328,"Sumo-Wrestler Tanya Loves Polite Forms of Address (gpt-image-1, gpt-5, Chinese glosses)",/accounts/public_content/328/,149,PAGE,1,How well does the image correspond to the text?,20,4
12,Ed Sci Exp 1 Teacher Chinese,139,2025-09-02T03:28:56.173152+00:00,138,chunying,328,"Sumo-Wrestler Tanya Loves Polite Forms of Address (gpt-image-1, gpt-5, Chinese glosses)",/accounts/public_content/328/,149,PAGE,1,How well does the image correspond to the text?,21,5
12,Ed Sci Exp 1 Teacher Chinese,139,2025-09-02T03:28:56.173152+00:00,138,chunying,328,"Sumo-Wrestler Tanya Loves Polite Forms of Address (gpt-image-1, gpt-5, Chinese glosses)",/accounts/public_content/328/,150,PAGE,2,How accurate are the glosses?,1,5
12,Ed Sci Exp 1 Teacher Chinese,139,2025-09-02T03:28:56.173152+00:00,138,chunying,328,"Sumo-Wrestler Tanya Loves Polite Forms of Address (gpt-image-1, gpt-5, Chinese glosses)",/accounts/public_content/328/,150,PAGE,2,How accurate are the glosses?,2,4
12,Ed Sci Exp 1 Teacher Chinese,139,2025-09-02T03:28:56.173152+00:00,138,chunying,328,"Sumo-Wrestler Tanya Loves Polite Forms of Address (gpt-image-1, gpt-5, Chinese glosses)",/accounts/public_content/328/,150,PAGE,2,How accurate are the glosses?,3,4
12,Ed Sci Exp 1 Teacher Chinese,139,2025-09-02T03:28:56.173152+00:00,138,chunying,328,"Sumo-Wrestler Tanya Loves Polite Forms of Address (gpt-image-1, gpt-5, Chinese glosses)",/accounts/public_content/328/,150,PAGE,2,How accurate are the glosses?,4,4
12,Ed Sci Exp 1 Teacher Chinese,139,2025-09-02T03:28:56.173152+00:00,138,chunying,328,"Sumo-Wrestler Tanya Loves Polite Forms of Address (gpt-image-1, gpt-5, Chinese glosses)",/accounts/public_content/328/,150,PAGE,2,How accurate are the glosses?,5,5
12,Ed Sci Exp 1 Teacher Chinese,139,2025-09-02T03:28:56.173152+00:00,138,chunying,328,"Sumo-Wrestler Tanya Loves Polite Forms of Address (gpt-image-1, gpt-5, Chinese glosses)",/accounts/public_content/328/,150,PAGE,2,How accurate are the glosses?,6,5
12,Ed Sci Exp 1 Teacher Chinese,139,2025-09-02T03:28:56.173152+00:00,138,chunying,328,"Sumo-Wrestler Tanya Loves Polite Forms of Address (gpt-image-1, gpt-5, Chinese glosses)",/accounts/public_content/328/,150,PAGE,2,How accurate are the glosses?,7,4
12,Ed Sci Exp 1 Teacher Chinese,139,2025-09-02T03:28:56.173152+00:00,138,chunying,328,"Sumo-Wrestler Tanya Loves Polite Forms of Address (gpt-image-1, gpt-5, Chinese glosses)",/accounts/public_content/328/,150,PAGE,2,How accurate are the glosses?,8,5
12,Ed Sci Exp 1 Teacher Chinese,139,2025-09-02T03:28:56.173152+00:00,138,chunying,328,"Sumo-Wrestler Tanya Loves Polite Forms of Address (gpt-image-1, gpt-5, Chinese glosses)",/accounts/public_content/328/,150,PAGE,2,How accurate are the glosses?,9,5
12,Ed Sci Exp 1 Teacher Chinese,139,2025-09-02T03:28:56.173152+00:00,138,chunying,328,"Sumo-Wrestler Tanya Loves Polite Forms of Address (gpt-image-1, gpt-5, Chinese glosses)",/accounts/public_content/328/,150,PAGE,2,How accurate are the glosses?,10,4
12,Ed Sci Exp 1 Teacher Chinese,139,2025-09-02T03:28:56.173152+00:00,138,chunying,328,"Sumo-Wrestler Tanya Loves Polite Forms of Address (gpt-image-1, gpt-5, Chinese glosses)",/accounts/public_content/328/,150,PAGE,2,How accurate are the glosses?,11,5
12,Ed Sci Exp 1 Teacher Chinese,139,2025-09-02T03:28:56.173152+00:00,138,chunying,328,"Sumo-Wrestler Tanya Loves Polite Forms of Address (gpt-image-1, gpt-5, Chinese glosses)",/accounts/public_content/328/,150,PAGE,2,How accurate are the glosses?,12,5
12,Ed Sci Exp 1 Teacher Chinese,139,2025-09-02T03:28:56.173152+00:00,138,chunying,328,"Sumo-Wrestler Tanya Loves Polite Forms of Address (gpt-image-1, gpt-5, Chinese glosses)",/accounts/public_content/328/,150,PAGE,2,How accurate are the glosses?,13,5
12,Ed Sci Exp 1 Teacher Chinese,139,2025-09-02T03:28:56.173152+00:00,138,chunying,328,"Sumo-Wrestler Tanya Loves Polite Forms of Address (gpt-image-1, gpt-5, Chinese glosses)",/accounts/public_content/328/,150,PAGE,2,How accurate are the glosses?,14,4
12,Ed Sci Exp 1 Teacher Chinese,139,2025-09-02T03:28:56.173152+00:00,138,chunying,328,"Sumo-Wrestler Tanya Loves Polite Forms of Address (gpt-image-1, gpt-5, Chinese glosses)",/accounts/public_content/328/,150,PAGE,2,How accurate are the glosses?,15,5
12,Ed Sci Exp 1 Teacher Chinese,139,2025-09-02T03:28:56.173152+00:00,138,chunying,328,"Sumo-Wrestler Tanya Loves Polite Forms of Address (gpt-image-1, gpt-5, Chinese glosses)",/accounts/public_content/328/,150,PAGE,2,How accurate are the glosses?,16,4
12,Ed Sci Exp 1 Teacher Chinese,139,2025-09-02T03:28:56.173152+00:00,138,chunying,328,"Sumo-Wrestler Tanya Loves Polite Forms of Address (gpt-image-1, gpt-5, Chinese glosses)",/accounts/public_content/328/,150,PAGE,2,How accurate are the glosses?,17,4
12,Ed Sci Exp 1 Teacher Chinese,139,2025-09-02T03:28:56.173152+00:00,138,chunying,328,"Sumo-Wrestler Tanya Loves Polite Forms of Address (gpt-image-1, gpt-5, Chinese glosses)",/accounts/public_content/328/,150,PAGE,2,How accurate are the glosses?,18,5
12,Ed Sci Exp 1 Teacher Chinese,139,2025-09-02T03:28:56.173152+00:00,138,chunying,328,"Sumo-Wrestler Tanya Loves Polite Forms of Address (gpt-image-1, gpt-5, Chinese glosses)",/accounts/public_content/328/,150,PAGE,2,How accurate are the glosses?,19,4
12,Ed Sci Exp 1 Teacher Chinese,139,2025-09-02T03:28:56.173152+00:00,138,chunying,328,"Sumo-Wrestler Tanya Loves Polite Forms of Address (gpt-image-1, gpt-5, Chinese glosses)",/accounts/public_content/328/,150,PAGE,2,How accurate are the glosses?,20,5
12,Ed Sci Exp 1 Teacher Chinese,139,2025-09-02T03:28:56.173152+00:00,138,chunying,328,"Sumo-Wrestler Tanya Loves Polite Forms of Address (gpt-image-1, gpt-5, Chinese glosses)",/accounts/public_content/328/,150,PAGE,2,How accurate are the glosses?,21,5
12,Ed Sci Exp 1 Teacher Chinese,139,2025-09-02T03:28:56.173152+00:00,138,chunying,328,"Sumo-Wrestler Tanya Loves Polite Forms of Address (gpt-image-1, gpt-5, Chinese glosses)",/accounts/public_content/328/,151,PAGE,3,How accurate are the translations?,1,5
12,Ed Sci Exp 1 Teacher Chinese,139,2025-09-02T03:28:56.173152+00:00,138,chunying,328,"Sumo-Wrestler Tanya Loves Polite Forms of Address (gpt-image-1, gpt-5, Chinese glosses)",/accounts/public_content/328/,151,PAGE,3,How accurate are the translations?,2,4
12,Ed Sci Exp 1 Teacher Chinese,139,2025-09-02T03:28:56.173152+00:00,138,chunying,328,"Sumo-Wrestler Tanya Loves Polite Forms of Address (gpt-image-1, gpt-5, Chinese glosses)",/accounts/public_content/328/,151,PAGE,3,How accurate are the translations?,3,5
12,Ed Sci Exp 1 Teacher Chinese,139,2025-09-02T03:28:56.173152+00:00,138,chunying,328,"Sumo-Wrestler Tanya Loves Polite Forms of Address (gpt-image-1, gpt-5, Chinese glosses)",/accounts/public_content/328/,151,PAGE,3,How accurate are the translations?,4,4
12,Ed Sci Exp 1 Teacher Chinese,139,2025-09-02T03:28:56.173152+00:00,138,chunying,328,"Sumo-Wrestler Tanya Loves Polite Forms of Address (gpt-image-1, gpt-5, Chinese glosses)",/accounts/public_content/328/,151,PAGE,3,How accurate are the translations?,5,4
12,Ed Sci Exp 1 Teacher Chinese,139,2025-09-02T03:28:56.173152+00:00,138,chunying,328,"Sumo-Wrestler Tanya Loves Polite Forms of Address (gpt-image-1, gpt-5, Chinese glosses)",/accounts/public_content/328/,151,PAGE,3,How accurate are the translations?,6,4
12,Ed Sci Exp 1 Teacher Chinese,139,2025-09-02T03:28:56.173152+00:00,138,chunying,328,"Sumo-Wrestler Tanya Loves Polite Forms of Address (gpt-image-1, gpt-5, Chinese glosses)",/accounts/public_content/328/,151,PAGE,3,How accurate are the translations?,7,5
12,Ed Sci Exp 1 Teacher Chinese,139,2025-09-02T03:28:56.173152+00:00,138,chunying,328,"Sumo-Wrestler Tanya Loves Polite Forms of Address (gpt-image-1, gpt-5, Chinese glosses)",/accounts/public_content/328/,151,PAGE,3,How accurate are the translations?,8,4
12,Ed Sci Exp 1 Teacher Chinese,139,2025-09-02T03:28:56.173152+00:00,138,chunying,328,"Sumo-Wrestler Tanya Loves Polite Forms of Address (gpt-image-1, gpt-5, Chinese glosses)",/accounts/public_content/328/,151,PAGE,3,How accurate are the translations?,9,4
12,Ed Sci Exp 1 Teacher Chinese,139,2025-09-02T03:28:56.173152+00:00,138,chunying,328,"Sumo-Wrestler Tanya Loves Polite Forms of Address (gpt-image-1, gpt-5, Chinese glosses)",/accounts/public_content/328/,151,PAGE,3,How accurate are the translations?,10,5
12,Ed Sci Exp 1 Teacher Chinese,139,2025-09-02T03:28:56.173152+00:00,138,chunying,328,"Sumo-Wrestler Tanya Loves Polite Forms of Address (gpt-image-1, gpt-5, Chinese glosses)",/accounts/public_content/328/,151,PAGE,3,How accurate are the translations?,11,4
12,Ed Sci Exp 1 Teacher Chinese,139,2025-09-02T03:28:56.173152+00:00,138,chunying,328,"Sumo-Wrestler Tanya Loves Polite Forms of Address (gpt-image-1, gpt-5, Chinese glosses)",/accounts/public_content/328/,151,PAGE,3,How accurate are the translations?,12,4
12,Ed Sci Exp 1 Teacher Chinese,139,2025-09-02T03:28:56.173152+00:00,138,chunying,328,"Sumo-Wrestler Tanya Loves Polite Forms of Address (gpt-image-1, gpt-5, Chinese glosses)",/accounts/public_content/328/,151,PAGE,3,How accurate are the translations?,13,5
12,Ed Sci Exp 1 Teacher Chinese,139,2025-09-02T03:28:56.173152+00:00,138,chunying,328,"Sumo-Wrestler Tanya Loves Polite Forms of Address (gpt-image-1, gpt-5, Chinese glosses)",/accounts/public_content/328/,151,PAGE,3,How accurate are the translations?,14,5
12,Ed Sci Exp 1 Teacher Chinese,139,2025-09-02T03:28:56.173152+00:00,138,chunying,328,"Sumo-Wrestler Tanya Loves Polite Forms of Address (gpt-image-1, gpt-5, Chinese glosses)",/accounts/public_content/328/,151,PAGE,3,How accurate are the translations?,15,5
12,Ed Sci Exp 1 Teacher Chinese,139,2025-09-02T03:28:56.173152+00:00,138,chunying,328,"Sumo-Wrestler Tanya Loves Polite Forms of Address (gpt-image-1, gpt-5, Chinese glosses)",/accounts/public_content/328/,151,PAGE,3,How accurate are the translations?,16,5
12,Ed Sci Exp 1 Teacher Chinese,139,2025-09-02T03:28:56.173152+00:00,138,chunying,328,"Sumo-Wrestler Tanya Loves Polite Forms of Address (gpt-image-1, gpt-5, Chinese glosses)",/accounts/public_content/328/,151,PAGE,3,How accurate are the translations?,17,4
12,Ed Sci Exp 1 Teacher Chinese,139,2025-09-02T03:28:56.173152+00:00,138,chunying,328,"Sumo-Wrestler Tanya Loves Polite Forms of Address (gpt-image-1, gpt-5, Chinese glosses)",/accounts/public_content/328/,151,PAGE,3,How accurate are the translations?,18,5
12,Ed Sci Exp 1 Teacher Chinese,139,2025-09-02T03:28:56.173152+00:00,138,chunying,328,"Sumo-Wrestler Tanya Loves Polite Forms of Address (gpt-image-1, gpt-5, Chinese glosses)",/accounts/public_content/328/,151,PAGE,3,How accurate are the translations?,19,4
12,Ed Sci Exp 1 Teacher Chinese,139,2025-09-02T03:28:56.173152+00:00,138,chunying,328,"Sumo-Wrestler Tanya Loves Polite Forms of Address (gpt-image-1, gpt-5, Chinese glosses)",/accounts/public_content/328/,151,PAGE,3,How accurate are the translations?,20,4
12,Ed Sci Exp 1 Teacher Chinese,139,2025-09-02T03:28:56.173152+00:00,138,chunying,328,"Sumo-Wrestler Tanya Loves Polite Forms of Address (gpt-image-1, gpt-5, Chinese glosses)",/accounts/public_content/328/,151,PAGE,3,How accurate are the translations?,21,5
12,Ed Sci Exp 1 Teacher Chinese,145,2025-09-02T04:15:26.818374+00:00,139,shuai,328,"Sumo-Wrestler Tanya Loves Polite Forms of Address (gpt-image-1, gpt-5, Chinese glosses)",/accounts/public_content/328/,129,BOOK,1,How consistent is the style of the images overall?,,4
12,Ed Sci Exp 1 Teacher Chinese,145,2025-09-02T04:15:26.818374+00:00,139,shuai,328,"Sumo-Wrestler Tanya Loves Polite Forms of Address (gpt-image-1, gpt-5, Chinese glosses)",/accounts/public_content/328/,130,BOOK,2,How consistent is the appearance of the elements overall?,,5
12,Ed Sci Exp 1 Teacher Chinese,145,2025-09-02T04:15:26.818374+00:00,139,shuai,328,"Sumo-Wrestler Tanya Loves Polite Forms of Address (gpt-image-1, gpt-5, Chinese glosses)",/accounts/public_content/328/,131,BOOK,3,How culturally appropriate are the images to the relevant culture?,,4
12,Ed Sci Exp 1 Teacher Chinese,145,2025-09-02T04:15:26.818374+00:00,139,shuai,328,"Sumo-Wrestler Tanya Loves Polite Forms of Address (gpt-image-1, gpt-5, Chinese glosses)",/accounts/public_content/328/,132,BOOK,4,How visually appealing do you find the images overall?,,5
12,Ed Sci Exp 1 Teacher Chinese,145,2025-09-02T04:15:26.818374+00:00,139,shuai,328,"Sumo-Wrestler Tanya Loves Polite Forms of Address (gpt-image-1, gpt-5, Chinese glosses)",/accounts/public_content/328/,149,PAGE,1,How well does the image correspond to the text?,1,4
12,Ed Sci Exp 1 Teacher Chinese,145,2025-09-02T04:15:26.818374+00:00,139,shuai,328,"Sumo-Wrestler Tanya Loves Polite Forms of Address (gpt-image-1, gpt-5, Chinese glosses)",/accounts/public_content/328/,149,PAGE,1,How well does the image correspond to the text?,2,4
12,Ed Sci Exp 1 Teacher Chinese,145,2025-09-02T04:15:26.818374+00:00,139,shuai,328,"Sumo-Wrestler Tanya Loves Polite Forms of Address (gpt-image-1, gpt-5, Chinese glosses)",/accounts/public_content/328/,149,PAGE,1,How well does the image correspond to the text?,3,4
12,Ed Sci Exp 1 Teacher Chinese,145,2025-09-02T04:15:26.818374+00:00,139,shuai,328,"Sumo-Wrestler Tanya Loves Polite Forms of Address (gpt-image-1, gpt-5, Chinese glosses)",/accounts/public_content/328/,149,PAGE,1,How well does the image correspond to the text?,4,5
12,Ed Sci Exp 1 Teacher Chinese,145,2025-09-02T04:15:26.818374+00:00,139,shuai,328,"Sumo-Wrestler Tanya Loves Polite Forms of Address (gpt-image-1, gpt-5, Chinese glosses)",/accounts/public_content/328/,149,PAGE,1,How well does the image correspond to the text?,5,4
12,Ed Sci Exp 1 Teacher Chinese,145,2025-09-02T04:15:26.818374+00:00,139,shuai,328,"Sumo-Wrestler Tanya Loves Polite Forms of Address (gpt-image-1, gpt-5, Chinese glosses)",/accounts/public_content/328/,149,PAGE,1,How well does the image correspond to the text?,6,5
12,Ed Sci Exp 1 Teacher Chinese,145,2025-09-02T04:15:26.818374+00:00,139,shuai,328,"Sumo-Wrestler Tanya Loves Polite Forms of Address (gpt-image-1, gpt-5, Chinese glosses)",/accounts/public_content/328/,149,PAGE,1,How well does the image correspond to the text?,7,4
12,Ed Sci Exp 1 Teacher Chinese,145,2025-09-02T04:15:26.818374+00:00,139,shuai,328,"Sumo-Wrestler Tanya Loves Polite Forms of Address (gpt-image-1, gpt-5, Chinese glosses)",/accounts/public_content/328/,149,PAGE,1,How well does the image correspond to the text?,8,4
12,Ed Sci Exp 1 Teacher Chinese,145,2025-09-02T04:15:26.818374+00:00,139,shuai,328,"Sumo-Wrestler Tanya Loves Polite Forms of Address (gpt-image-1, gpt-5, Chinese glosses)",/accounts/public_content/328/,149,PAGE,1,How well does the image correspond to the text?,9,5
12,Ed Sci Exp 1 Teacher Chinese,145,2025-09-02T04:15:26.818374+00:00,139,shuai,328,"Sumo-Wrestler Tanya Loves Polite Forms of Address (gpt-image-1, gpt-5, Chinese glosses)",/accounts/public_content/328/,149,PAGE,1,How well does the image correspond to the text?,10,5
12,Ed Sci Exp 1 Teacher Chinese,145,2025-09-02T04:15:26.818374+00:00,139,shuai,328,"Sumo-Wrestler Tanya Loves Polite Forms of Address (gpt-image-1, gpt-5, Chinese glosses)",/accounts/public_content/328/,149,PAGE,1,How well does the image correspond to the text?,11,4
12,Ed Sci Exp 1 Teacher Chinese,145,2025-09-02T04:15:26.818374+00:00,139,shuai,328,"Sumo-Wrestler Tanya Loves Polite Forms of Address (gpt-image-1, gpt-5, Chinese glosses)",/accounts/public_content/328/,149,PAGE,1,How well does the image correspond to the text?,12,4
12,Ed Sci Exp 1 Teacher Chinese,145,2025-09-02T04:15:26.818374+00:00,139,shuai,328,"Sumo-Wrestler Tanya Loves Polite Forms of Address (gpt-image-1, gpt-5, Chinese glosses)",/accounts/public_content/328/,149,PAGE,1,How well does the image correspond to the text?,13,4
12,Ed Sci Exp 1 Teacher Chinese,145,2025-09-02T04:15:26.818374+00:00,139,shuai,328,"Sumo-Wrestler Tanya Loves Polite Forms of Address (gpt-image-1, gpt-5, Chinese glosses)",/accounts/public_content/328/,149,PAGE,1,How well does the image correspond to the text?,14,4
12,Ed Sci Exp 1 Teacher Chinese,145,2025-09-02T04:15:26.818374+00:00,139,shuai,328,"Sumo-Wrestler Tanya Loves Polite Forms of Address (gpt-image-1, gpt-5, Chinese glosses)",/accounts/public_content/328/,149,PAGE,1,How well does the image correspond to the text?,15,5
12,Ed Sci Exp 1 Teacher Chinese,145,2025-09-02T04:15:26.818374+00:00,139,shuai,328,"Sumo-Wrestler Tanya Loves Polite Forms of Address (gpt-image-1, gpt-5, Chinese glosses)",/accounts/public_content/328/,149,PAGE,1,How well does the image correspond to the text?,16,5
12,Ed Sci Exp 1 Teacher Chinese,145,2025-09-02T04:15:26.818374+00:00,139,shuai,328,"Sumo-Wrestler Tanya Loves Polite Forms of Address (gpt-image-1, gpt-5, Chinese glosses)",/accounts/public_content/328/,149,PAGE,1,How well does the image correspond to the text?,17,4
12,Ed Sci Exp 1 Teacher Chinese,145,2025-09-02T04:15:26.818374+00:00,139,shuai,328,"Sumo-Wrestler Tanya Loves Polite Forms of Address (gpt-image-1, gpt-5, Chinese glosses)",/accounts/public_content/328/,149,PAGE,1,How well does the image correspond to the text?,18,4
12,Ed Sci Exp 1 Teacher Chinese,145,2025-09-02T04:15:26.818374+00:00,139,shuai,328,"Sumo-Wrestler Tanya Loves Polite Forms of Address (gpt-image-1, gpt-5, Chinese glosses)",/accounts/public_content/328/,149,PAGE,1,How well does the image correspond to the text?,19,4
12,Ed Sci Exp 1 Teacher Chinese,145,2025-09-02T04:15:26.818374+00:00,139,shuai,328,"Sumo-Wrestler Tanya Loves Polite Forms of Address (gpt-image-1, gpt-5, Chinese glosses)",/accounts/public_content/328/,149,PAGE,1,How well does the image correspond to the text?,20,4
12,Ed Sci Exp 1 Teacher Chinese,145,2025-09-02T04:15:26.818374+00:00,139,shuai,328,"Sumo-Wrestler Tanya Loves Polite Forms of Address (gpt-image-1, gpt-5, Chinese glosses)",/accounts/public_content/328/,149,PAGE,1,How well does the image correspond to the text?,21,5
12,Ed Sci Exp 1 Teacher Chinese,145,2025-09-02T04:15:26.818374+00:00,139,shuai,328,"Sumo-Wrestler Tanya Loves Polite Forms of Address (gpt-image-1, gpt-5, Chinese glosses)",/accounts/public_content/328/,150,PAGE,2,How accurate are the glosses?,1,5
12,Ed Sci Exp 1 Teacher Chinese,145,2025-09-02T04:15:26.818374+00:00,139,shuai,328,"Sumo-Wrestler Tanya Loves Polite Forms of Address (gpt-image-1, gpt-5, Chinese glosses)",/accounts/public_content/328/,150,PAGE,2,How accurate are the glosses?,2,4
12,Ed Sci Exp 1 Teacher Chinese,145,2025-09-02T04:15:26.818374+00:00,139,shuai,328,"Sumo-Wrestler Tanya Loves Polite Forms of Address (gpt-image-1, gpt-5, Chinese glosses)",/accounts/public_content/328/,150,PAGE,2,How accurate are the glosses?,3,5
12,Ed Sci Exp 1 Teacher Chinese,145,2025-09-02T04:15:26.818374+00:00,139,shuai,328,"Sumo-Wrestler Tanya Loves Polite Forms of Address (gpt-image-1, gpt-5, Chinese glosses)",/accounts/public_content/328/,150,PAGE,2,How accurate are the glosses?,4,4
12,Ed Sci Exp 1 Teacher Chinese,145,2025-09-02T04:15:26.818374+00:00,139,shuai,328,"Sumo-Wrestler Tanya Loves Polite Forms of Address (gpt-image-1, gpt-5, Chinese glosses)",/accounts/public_content/328/,150,PAGE,2,How accurate are the glosses?,5,5
12,Ed Sci Exp 1 Teacher Chinese,145,2025-09-02T04:15:26.818374+00:00,139,shuai,328,"Sumo-Wrestler Tanya Loves Polite Forms of Address (gpt-image-1, gpt-5, Chinese glosses)",/accounts/public_content/328/,150,PAGE,2,How accurate are the glosses?,6,4
12,Ed Sci Exp 1 Teacher Chinese,145,2025-09-02T04:15:26.818374+00:00,139,shuai,328,"Sumo-Wrestler Tanya Loves Polite Forms of Address (gpt-image-1, gpt-5, Chinese glosses)",/accounts/public_content/328/,150,PAGE,2,How accurate are the glosses?,7,5
12,Ed Sci Exp 1 Teacher Chinese,145,2025-09-02T04:15:26.818374+00:00,139,shuai,328,"Sumo-Wrestler Tanya Loves Polite Forms of Address (gpt-image-1, gpt-5, Chinese glosses)",/accounts/public_content/328/,150,PAGE,2,How accurate are the glosses?,8,4
12,Ed Sci Exp 1 Teacher Chinese,145,2025-09-02T04:15:26.818374+00:00,139,shuai,328,"Sumo-Wrestler Tanya Loves Polite Forms of Address (gpt-image-1, gpt-5, Chinese glosses)",/accounts/public_content/328/,150,PAGE,2,How accurate are the glosses?,9,4
12,Ed Sci Exp 1 Teacher Chinese,145,2025-09-02T04:15:26.818374+00:00,139,shuai,328,"Sumo-Wrestler Tanya Loves Polite Forms of Address (gpt-image-1, gpt-5, Chinese glosses)",/accounts/public_content/328/,150,PAGE,2,How accurate are the glosses?,10,5
12,Ed Sci Exp 1 Teacher Chinese,145,2025-09-02T04:15:26.818374+00:00,139,shuai,328,"Sumo-Wrestler Tanya Loves Polite Forms of Address (gpt-image-1, gpt-5, Chinese glosses)",/accounts/public_content/328/,150,PAGE,2,How accurate are the glosses?,11,5
12,Ed Sci Exp 1 Teacher Chinese,145,2025-09-02T04:15:26.818374+00:00,139,shuai,328,"Sumo-Wrestler Tanya Loves Polite Forms of Address (gpt-image-1, gpt-5, Chinese glosses)",/accounts/public_content/328/,150,PAGE,2,How accurate are the glosses?,12,4
12,Ed Sci Exp 1 Teacher Chinese,145,2025-09-02T04:15:26.818374+00:00,139,shuai,328,"Sumo-Wrestler Tanya Loves Polite Forms of Address (gpt-image-1, gpt-5, Chinese glosses)",/accounts/public_content/328/,150,PAGE,2,How accurate are the glosses?,13,4
12,Ed Sci Exp 1 Teacher Chinese,145,2025-09-02T04:15:26.818374+00:00,139,shuai,328,"Sumo-Wrestler Tanya Loves Polite Forms of Address (gpt-image-1, gpt-5, Chinese glosses)",/accounts/public_content/328/,150,PAGE,2,How accurate are the glosses?,14,5
12,Ed Sci Exp 1 Teacher Chinese,145,2025-09-02T04:15:26.818374+00:00,139,shuai,328,"Sumo-Wrestler Tanya Loves Polite Forms of Address (gpt-image-1, gpt-5, Chinese glosses)",/accounts/public_content/328/,150,PAGE,2,How accurate are the glosses?,15,5
12,Ed Sci Exp 1 Teacher Chinese,145,2025-09-02T04:15:26.818374+00:00,139,shuai,328,"Sumo-Wrestler Tanya Loves Polite Forms of Address (gpt-image-1, gpt-5, Chinese glosses)",/accounts/public_content/328/,150,PAGE,2,How accurate are the glosses?,16,5
12,Ed Sci Exp 1 Teacher Chinese,145,2025-09-02T04:15:26.818374+00:00,139,shuai,328,"Sumo-Wrestler Tanya Loves Polite Forms of Address (gpt-image-1, gpt-5, Chinese glosses)",/accounts/public_content/328/,150,PAGE,2,How accurate are the glosses?,17,4
12,Ed Sci Exp 1 Teacher Chinese,145,2025-09-02T04:15:26.818374+00:00,139,shuai,328,"Sumo-Wrestler Tanya Loves Polite Forms of Address (gpt-image-1, gpt-5, Chinese glosses)",/accounts/public_content/328/,150,PAGE,2,How accurate are the glosses?,18,5
12,Ed Sci Exp 1 Teacher Chinese,145,2025-09-02T04:15:26.818374+00:00,139,shuai,328,"Sumo-Wrestler Tanya Loves Polite Forms of Address (gpt-image-1, gpt-5, Chinese glosses)",/accounts/public_content/328/,150,PAGE,2,How accurate are the glosses?,19,4
12,Ed Sci Exp 1 Teacher Chinese,145,2025-09-02T04:15:26.818374+00:00,139,shuai,328,"Sumo-Wrestler Tanya Loves Polite Forms of Address (gpt-image-1, gpt-5, Chinese glosses)",/accounts/public_content/328/,150,PAGE,2,How accurate are the glosses?,20,4
12,Ed Sci Exp 1 Teacher Chinese,145,2025-09-02T04:15:26.818374+00:00,139,shuai,328,"Sumo-Wrestler Tanya Loves Polite Forms of Address (gpt-image-1, gpt-5, Chinese glosses)",/accounts/public_content/328/,150,PAGE,2,How accurate are the glosses?,21,4
12,Ed Sci Exp 1 Teacher Chinese,145,2025-09-02T04:15:26.818374+00:00,139,shuai,328,"Sumo-Wrestler Tanya Loves Polite Forms of Address (gpt-image-1, gpt-5, Chinese glosses)",/accounts/public_content/328/,151,PAGE,3,How accurate are the translations?,1,5
12,Ed Sci Exp 1 Teacher Chinese,145,2025-09-02T04:15:26.818374+00:00,139,shuai,328,"Sumo-Wrestler Tanya Loves Polite Forms of Address (gpt-image-1, gpt-5, Chinese glosses)",/accounts/public_content/328/,151,PAGE,3,How accurate are the translations?,2,5
12,Ed Sci Exp 1 Teacher Chinese,145,2025-09-02T04:15:26.818374+00:00,139,shuai,328,"Sumo-Wrestler Tanya Loves Polite Forms of Address (gpt-image-1, gpt-5, Chinese glosses)",/accounts/public_content/328/,151,PAGE,3,How accurate are the translations?,3,4
12,Ed Sci Exp 1 Teacher Chinese,145,2025-09-02T04:15:26.818374+00:00,139,shuai,328,"Sumo-Wrestler Tanya Loves Polite Forms of Address (gpt-image-1, gpt-5, Chinese glosses)",/accounts/public_content/328/,151,PAGE,3,How accurate are the translations?,4,5
12,Ed Sci Exp 1 Teacher Chinese,145,2025-09-02T04:15:26.818374+00:00,139,shuai,328,"Sumo-Wrestler Tanya Loves Polite Forms of Address (gpt-image-1, gpt-5, Chinese glosses)",/accounts/public_content/328/,151,PAGE,3,How accurate are the translations?,5,4
12,Ed Sci Exp 1 Teacher Chinese,145,2025-09-02T04:15:26.818374+00:00,139,shuai,328,"Sumo-Wrestler Tanya Loves Polite Forms of Address (gpt-image-1, gpt-5, Chinese glosses)",/accounts/public_content/328/,151,PAGE,3,How accurate are the translations?,6,5
12,Ed Sci Exp 1 Teacher Chinese,145,2025-09-02T04:15:26.818374+00:00,139,shuai,328,"Sumo-Wrestler Tanya Loves Polite Forms of Address (gpt-image-1, gpt-5, Chinese glosses)",/accounts/public_content/328/,151,PAGE,3,How accurate are the translations?,7,5
12,Ed Sci Exp 1 Teacher Chinese,145,2025-09-02T04:15:26.818374+00:00,139,shuai,328,"Sumo-Wrestler Tanya Loves Polite Forms of Address (gpt-image-1, gpt-5, Chinese glosses)",/accounts/public_content/328/,151,PAGE,3,How accurate are the translations?,8,5
12,Ed Sci Exp 1 Teacher Chinese,145,2025-09-02T04:15:26.818374+00:00,139,shuai,328,"Sumo-Wrestler Tanya Loves Polite Forms of Address (gpt-image-1, gpt-5, Chinese glosses)",/accounts/public_content/328/,151,PAGE,3,How accurate are the translations?,9,4
12,Ed Sci Exp 1 Teacher Chinese,145,2025-09-02T04:15:26.818374+00:00,139,shuai,328,"Sumo-Wrestler Tanya Loves Polite Forms of Address (gpt-image-1, gpt-5, Chinese glosses)",/accounts/public_content/328/,151,PAGE,3,How accurate are the translations?,10,4
12,Ed Sci Exp 1 Teacher Chinese,145,2025-09-02T04:15:26.818374+00:00,139,shuai,328,"Sumo-Wrestler Tanya Loves Polite Forms of Address (gpt-image-1, gpt-5, Chinese glosses)",/accounts/public_content/328/,151,PAGE,3,How accurate are the translations?,11,5
12,Ed Sci Exp 1 Teacher Chinese,145,2025-09-02T04:15:26.818374+00:00,139,shuai,328,"Sumo-Wrestler Tanya Loves Polite Forms of Address (gpt-image-1, gpt-5, Chinese glosses)",/accounts/public_content/328/,151,PAGE,3,How accurate are the translations?,12,5
12,Ed Sci Exp 1 Teacher Chinese,145,2025-09-02T04:15:26.818374+00:00,139,shuai,328,"Sumo-Wrestler Tanya Loves Polite Forms of Address (gpt-image-1, gpt-5, Chinese glosses)",/accounts/public_content/328/,151,PAGE,3,How accurate are the translations?,13,5
12,Ed Sci Exp 1 Teacher Chinese,145,2025-09-02T04:15:26.818374+00:00,139,shuai,328,"Sumo-Wrestler Tanya Loves Polite Forms of Address (gpt-image-1, gpt-5, Chinese glosses)",/accounts/public_content/328/,151,PAGE,3,How accurate are the translations?,14,5
12,Ed Sci Exp 1 Teacher Chinese,145,2025-09-02T04:15:26.818374+00:00,139,shuai,328,"Sumo-Wrestler Tanya Loves Polite Forms of Address (gpt-image-1, gpt-5, Chinese glosses)",/accounts/public_content/328/,151,PAGE,3,How accurate are the translations?,15,5
12,Ed Sci Exp 1 Teacher Chinese,145,2025-09-02T04:15:26.818374+00:00,139,shuai,328,"Sumo-Wrestler Tanya Loves Polite Forms of Address (gpt-image-1, gpt-5, Chinese glosses)",/accounts/public_content/328/,151,PAGE,3,How accurate are the translations?,16,5
12,Ed Sci Exp 1 Teacher Chinese,145,2025-09-02T04:15:26.818374+00:00,139,shuai,328,"Sumo-Wrestler Tanya Loves Polite Forms of Address (gpt-image-1, gpt-5, Chinese glosses)",/accounts/public_content/328/,151,PAGE,3,How accurate are the translations?,17,5
12,Ed Sci Exp 1 Teacher Chinese,145,2025-09-02T04:15:26.818374+00:00,139,shuai,328,"Sumo-Wrestler Tanya Loves Polite Forms of Address (gpt-image-1, gpt-5, Chinese glosses)",/accounts/public_content/328/,151,PAGE,3,How accurate are the translations?,18,4
12,Ed Sci Exp 1 Teacher Chinese,145,2025-09-02T04:15:26.818374+00:00,139,shuai,328,"Sumo-Wrestler Tanya Loves Polite Forms of Address (gpt-image-1, gpt-5, Chinese glosses)",/accounts/public_content/328/,151,PAGE,3,How accurate are the translations?,19,5
12,Ed Sci Exp 1 Teacher Chinese,145,2025-09-02T04:15:26.818374+00:00,139,shuai,328,"Sumo-Wrestler Tanya Loves Polite Forms of Address (gpt-image-1, gpt-5, Chinese glosses)",/accounts/public_content/328/,151,PAGE,3,How accurate are the translations?,20,5
12,Ed Sci Exp 1 Teacher Chinese,145,2025-09-02T04:15:26.818374+00:00,139,shuai,328,"Sumo-Wrestler Tanya Loves Polite Forms of Address (gpt-image-1, gpt-5, Chinese glosses)",/accounts/public_content/328/,151,PAGE,3,How accurate are the translations?,21,5
12,Ed Sci Exp 1 Teacher Chinese,122,2025-08-30T14:04:46.927698+00:00,126,yaochunlin,329,"Supermodel Lisa Loves Phrasal Verbs (gpt-image-1, gpt-5, Chinese glosses)",/accounts/public_content/329/,129,BOOK,1,How consistent is the style of the images overall?,,5
12,Ed Sci Exp 1 Teacher Chinese,122,2025-08-30T14:04:46.927698+00:00,126,yaochunlin,329,"Supermodel Lisa Loves Phrasal Verbs (gpt-image-1, gpt-5, Chinese glosses)",/accounts/public_content/329/,130,BOOK,2,How consistent is the appearance of the elements overall?,,4
12,Ed Sci Exp 1 Teacher Chinese,122,2025-08-30T14:04:46.927698+00:00,126,yaochunlin,329,"Supermodel Lisa Loves Phrasal Verbs (gpt-image-1, gpt-5, Chinese glosses)",/accounts/public_content/329/,131,BOOK,3,How culturally appropriate are the images to the relevant culture?,,4
12,Ed Sci Exp 1 Teacher Chinese,122,2025-08-30T14:04:46.927698+00:00,126,yaochunlin,329,"Supermodel Lisa Loves Phrasal Verbs (gpt-image-1, gpt-5, Chinese glosses)",/accounts/public_content/329/,132,BOOK,4,How visually appealing do you find the images overall?,,5
12,Ed Sci Exp 1 Teacher Chinese,122,2025-08-30T14:04:46.927698+00:00,126,yaochunlin,329,"Supermodel Lisa Loves Phrasal Verbs (gpt-image-1, gpt-5, Chinese glosses)",/accounts/public_content/329/,149,PAGE,1,How well does the image correspond to the text?,1,5
12,Ed Sci Exp 1 Teacher Chinese,122,2025-08-30T14:04:46.927698+00:00,126,yaochunlin,329,"Supermodel Lisa Loves Phrasal Verbs (gpt-image-1, gpt-5, Chinese glosses)",/accounts/public_content/329/,149,PAGE,1,How well does the image correspond to the text?,2,5
12,Ed Sci Exp 1 Teacher Chinese,122,2025-08-30T14:04:46.927698+00:00,126,yaochunlin,329,"Supermodel Lisa Loves Phrasal Verbs (gpt-image-1, gpt-5, Chinese glosses)",/accounts/public_content/329/,149,PAGE,1,How well does the image correspond to the text?,3,5
12,Ed Sci Exp 1 Teacher Chinese,122,2025-08-30T14:04:46.927698+00:00,126,yaochunlin,329,"Supermodel Lisa Loves Phrasal Verbs (gpt-image-1, gpt-5, Chinese glosses)",/accounts/public_content/329/,149,PAGE,1,How well does the image correspond to the text?,4,5
12,Ed Sci Exp 1 Teacher Chinese,122,2025-08-30T14:04:46.927698+00:00,126,yaochunlin,329,"Supermodel Lisa Loves Phrasal Verbs (gpt-image-1, gpt-5, Chinese glosses)",/accounts/public_content/329/,149,PAGE,1,How well does the image correspond to the text?,5,5
12,Ed Sci Exp 1 Teacher Chinese,122,2025-08-30T14:04:46.927698+00:00,126,yaochunlin,329,"Supermodel Lisa Loves Phrasal Verbs (gpt-image-1, gpt-5, Chinese glosses)",/accounts/public_content/329/,149,PAGE,1,How well does the image correspond to the text?,6,5
12,Ed Sci Exp 1 Teacher Chinese,122,2025-08-30T14:04:46.927698+00:00,126,yaochunlin,329,"Supermodel Lisa Loves Phrasal Verbs (gpt-image-1, gpt-5, Chinese glosses)",/accounts/public_content/329/,149,PAGE,1,How well does the image correspond to the text?,7,5
12,Ed Sci Exp 1 Teacher Chinese,122,2025-08-30T14:04:46.927698+00:00,126,yaochunlin,329,"Supermodel Lisa Loves Phrasal Verbs (gpt-image-1, gpt-5, Chinese glosses)",/accounts/public_content/329/,149,PAGE,1,How well does the image correspond to the text?,8,5
12,Ed Sci Exp 1 Teacher Chinese,122,2025-08-30T14:04:46.927698+00:00,126,yaochunlin,329,"Supermodel Lisa Loves Phrasal Verbs (gpt-image-1, gpt-5, Chinese glosses)",/accounts/public_content/329/,149,PAGE,1,How well does the image correspond to the text?,9,5
12,Ed Sci Exp 1 Teacher Chinese,122,2025-08-30T14:04:46.927698+00:00,126,yaochunlin,329,"Supermodel Lisa Loves Phrasal Verbs (gpt-image-1, gpt-5, Chinese glosses)",/accounts/public_content/329/,149,PAGE,1,How well does the image correspond to the text?,10,5
12,Ed Sci Exp 1 Teacher Chinese,122,2025-08-30T14:04:46.927698+00:00,126,yaochunlin,329,"Supermodel Lisa Loves Phrasal Verbs (gpt-image-1, gpt-5, Chinese glosses)",/accounts/public_content/329/,149,PAGE,1,How well does the image correspond to the text?,11,5
12,Ed Sci Exp 1 Teacher Chinese,122,2025-08-30T14:04:46.927698+00:00,126,yaochunlin,329,"Supermodel Lisa Loves Phrasal Verbs (gpt-image-1, gpt-5, Chinese glosses)",/accounts/public_content/329/,149,PAGE,1,How well does the image correspond to the text?,12,5
12,Ed Sci Exp 1 Teacher Chinese,122,2025-08-30T14:04:46.927698+00:00,126,yaochunlin,329,"Supermodel Lisa Loves Phrasal Verbs (gpt-image-1, gpt-5, Chinese glosses)",/accounts/public_content/329/,149,PAGE,1,How well does the image correspond to the text?,13,5
12,Ed Sci Exp 1 Teacher Chinese,122,2025-08-30T14:04:46.927698+00:00,126,yaochunlin,329,"Supermodel Lisa Loves Phrasal Verbs (gpt-image-1, gpt-5, Chinese glosses)",/accounts/public_content/329/,150,PAGE,2,How accurate are the glosses?,1,5
12,Ed Sci Exp 1 Teacher Chinese,122,2025-08-30T14:04:46.927698+00:00,126,yaochunlin,329,"Supermodel Lisa Loves Phrasal Verbs (gpt-image-1, gpt-5, Chinese glosses)",/accounts/public_content/329/,150,PAGE,2,How accurate are the glosses?,2,4
12,Ed Sci Exp 1 Teacher Chinese,122,2025-08-30T14:04:46.927698+00:00,126,yaochunlin,329,"Supermodel Lisa Loves Phrasal Verbs (gpt-image-1, gpt-5, Chinese glosses)",/accounts/public_content/329/,150,PAGE,2,How accurate are the glosses?,3,5
12,Ed Sci Exp 1 Teacher Chinese,122,2025-08-30T14:04:46.927698+00:00,126,yaochunlin,329,"Supermodel Lisa Loves Phrasal Verbs (gpt-image-1, gpt-5, Chinese glosses)",/accounts/public_content/329/,150,PAGE,2,How accurate are the glosses?,4,4
12,Ed Sci Exp 1 Teacher Chinese,122,2025-08-30T14:04:46.927698+00:00,126,yaochunlin,329,"Supermodel Lisa Loves Phrasal Verbs (gpt-image-1, gpt-5, Chinese glosses)",/accounts/public_content/329/,150,PAGE,2,How accurate are the glosses?,5,4
12,Ed Sci Exp 1 Teacher Chinese,122,2025-08-30T14:04:46.927698+00:00,126,yaochunlin,329,"Supermodel Lisa Loves Phrasal Verbs (gpt-image-1, gpt-5, Chinese glosses)",/accounts/public_content/329/,150,PAGE,2,How accurate are the glosses?,6,5
12,Ed Sci Exp 1 Teacher Chinese,122,2025-08-30T14:04:46.927698+00:00,126,yaochunlin,329,"Supermodel Lisa Loves Phrasal Verbs (gpt-image-1, gpt-5, Chinese glosses)",/accounts/public_content/329/,150,PAGE,2,How accurate are the glosses?,7,5
12,Ed Sci Exp 1 Teacher Chinese,122,2025-08-30T14:04:46.927698+00:00,126,yaochunlin,329,"Supermodel Lisa Loves Phrasal Verbs (gpt-image-1, gpt-5, Chinese glosses)",/accounts/public_content/329/,150,PAGE,2,How accurate are the glosses?,8,5
12,Ed Sci Exp 1 Teacher Chinese,122,2025-08-30T14:04:46.927698+00:00,126,yaochunlin,329,"Supermodel Lisa Loves Phrasal Verbs (gpt-image-1, gpt-5, Chinese glosses)",/accounts/public_content/329/,150,PAGE,2,How accurate are the glosses?,9,5
12,Ed Sci Exp 1 Teacher Chinese,122,2025-08-30T14:04:46.927698+00:00,126,yaochunlin,329,"Supermodel Lisa Loves Phrasal Verbs (gpt-image-1, gpt-5, Chinese glosses)",/accounts/public_content/329/,150,PAGE,2,How accurate are the glosses?,10,5
12,Ed Sci Exp 1 Teacher Chinese,122,2025-08-30T14:04:46.927698+00:00,126,yaochunlin,329,"Supermodel Lisa Loves Phrasal Verbs (gpt-image-1, gpt-5, Chinese glosses)",/accounts/public_content/329/,150,PAGE,2,How accurate are the glosses?,11,5
12,Ed Sci Exp 1 Teacher Chinese,122,2025-08-30T14:04:46.927698+00:00,126,yaochunlin,329,"Supermodel Lisa Loves Phrasal Verbs (gpt-image-1, gpt-5, Chinese glosses)",/accounts/public_content/329/,150,PAGE,2,How accurate are the glosses?,12,4
12,Ed Sci Exp 1 Teacher Chinese,122,2025-08-30T14:04:46.927698+00:00,126,yaochunlin,329,"Supermodel Lisa Loves Phrasal Verbs (gpt-image-1, gpt-5, Chinese glosses)",/accounts/public_content/329/,150,PAGE,2,How accurate are the glosses?,13,5
12,Ed Sci Exp 1 Teacher Chinese,122,2025-08-30T14:04:46.927698+00:00,126,yaochunlin,329,"Supermodel Lisa Loves Phrasal Verbs (gpt-image-1, gpt-5, Chinese glosses)",/accounts/public_content/329/,151,PAGE,3,How accurate are the translations?,1,5
12,Ed Sci Exp 1 Teacher Chinese,122,2025-08-30T14:04:46.927698+00:00,126,yaochunlin,329,"Supermodel Lisa Loves Phrasal Verbs (gpt-image-1, gpt-5, Chinese glosses)",/accounts/public_content/329/,151,PAGE,3,How accurate are the translations?,2,5
12,Ed Sci Exp 1 Teacher Chinese,122,2025-08-30T14:04:46.927698+00:00,126,yaochunlin,329,"Supermodel Lisa Loves Phrasal Verbs (gpt-image-1, gpt-5, Chinese glosses)",/accounts/public_content/329/,151,PAGE,3,How accurate are the translations?,3,5
12,Ed Sci Exp 1 Teacher Chinese,122,2025-08-30T14:04:46.927698+00:00,126,yaochunlin,329,"Supermodel Lisa Loves Phrasal Verbs (gpt-image-1, gpt-5, Chinese glosses)",/accounts/public_content/329/,151,PAGE,3,How accurate are the translations?,4,5
12,Ed Sci Exp 1 Teacher Chinese,122,2025-08-30T14:04:46.927698+00:00,126,yaochunlin,329,"Supermodel Lisa Loves Phrasal Verbs (gpt-image-1, gpt-5, Chinese glosses)",/accounts/public_content/329/,151,PAGE,3,How accurate are the translations?,5,5
12,Ed Sci Exp 1 Teacher Chinese,122,2025-08-30T14:04:46.927698+00:00,126,yaochunlin,329,"Supermodel Lisa Loves Phrasal Verbs (gpt-image-1, gpt-5, Chinese glosses)",/accounts/public_content/329/,151,PAGE,3,How accurate are the translations?,6,5
12,Ed Sci Exp 1 Teacher Chinese,122,2025-08-30T14:04:46.927698+00:00,126,yaochunlin,329,"Supermodel Lisa Loves Phrasal Verbs (gpt-image-1, gpt-5, Chinese glosses)",/accounts/public_content/329/,151,PAGE,3,How accurate are the translations?,7,5
12,Ed Sci Exp 1 Teacher Chinese,122,2025-08-30T14:04:46.927698+00:00,126,yaochunlin,329,"Supermodel Lisa Loves Phrasal Verbs (gpt-image-1, gpt-5, Chinese glosses)",/accounts/public_content/329/,151,PAGE,3,How accurate are the translations?,8,5
12,Ed Sci Exp 1 Teacher Chinese,122,2025-08-30T14:04:46.927698+00:00,126,yaochunlin,329,"Supermodel Lisa Loves Phrasal Verbs (gpt-image-1, gpt-5, Chinese glosses)",/accounts/public_content/329/,151,PAGE,3,How accurate are the translations?,9,5
12,Ed Sci Exp 1 Teacher Chinese,122,2025-08-30T14:04:46.927698+00:00,126,yaochunlin,329,"Supermodel Lisa Loves Phrasal Verbs (gpt-image-1, gpt-5, Chinese glosses)",/accounts/public_content/329/,151,PAGE,3,How accurate are the translations?,10,5
12,Ed Sci Exp 1 Teacher Chinese,122,2025-08-30T14:04:46.927698+00:00,126,yaochunlin,329,"Supermodel Lisa Loves Phrasal Verbs (gpt-image-1, gpt-5, Chinese glosses)",/accounts/public_content/329/,151,PAGE,3,How accurate are the translations?,11,5
12,Ed Sci Exp 1 Teacher Chinese,122,2025-08-30T14:04:46.927698+00:00,126,yaochunlin,329,"Supermodel Lisa Loves Phrasal Verbs (gpt-image-1, gpt-5, Chinese glosses)",/accounts/public_content/329/,151,PAGE,3,How accurate are the translations?,12,5
12,Ed Sci Exp 1 Teacher Chinese,122,2025-08-30T14:04:46.927698+00:00,126,yaochunlin,329,"Supermodel Lisa Loves Phrasal Verbs (gpt-image-1, gpt-5, Chinese glosses)",/accounts/public_content/329/,151,PAGE,3,How accurate are the translations?,13,4
12,Ed Sci Exp 1 Teacher Chinese,128,2025-09-02T02:20:20.095979+00:00,136,zhangyan,329,"Supermodel Lisa Loves Phrasal Verbs (gpt-image-1, gpt-5, Chinese glosses)",/accounts/public_content/329/,129,BOOK,1,How consistent is the style of the images overall?,,4
12,Ed Sci Exp 1 Teacher Chinese,128,2025-09-02T02:20:20.095979+00:00,136,zhangyan,329,"Supermodel Lisa Loves Phrasal Verbs (gpt-image-1, gpt-5, Chinese glosses)",/accounts/public_content/329/,130,BOOK,2,How consistent is the appearance of the elements overall?,,4
12,Ed Sci Exp 1 Teacher Chinese,128,2025-09-02T02:20:20.095979+00:00,136,zhangyan,329,"Supermodel Lisa Loves Phrasal Verbs (gpt-image-1, gpt-5, Chinese glosses)",/accounts/public_content/329/,131,BOOK,3,How culturally appropriate are the images to the relevant culture?,,5
12,Ed Sci Exp 1 Teacher Chinese,128,2025-09-02T02:20:20.095979+00:00,136,zhangyan,329,"Supermodel Lisa Loves Phrasal Verbs (gpt-image-1, gpt-5, Chinese glosses)",/accounts/public_content/329/,132,BOOK,4,How visually appealing do you find the images overall?,,5
12,Ed Sci Exp 1 Teacher Chinese,128,2025-09-02T02:20:20.095979+00:00,136,zhangyan,329,"Supermodel Lisa Loves Phrasal Verbs (gpt-image-1, gpt-5, Chinese glosses)",/accounts/public_content/329/,149,PAGE,1,How well does the image correspond to the text?,1,5
12,Ed Sci Exp 1 Teacher Chinese,128,2025-09-02T02:20:20.095979+00:00,136,zhangyan,329,"Supermodel Lisa Loves Phrasal Verbs (gpt-image-1, gpt-5, Chinese glosses)",/accounts/public_content/329/,149,PAGE,1,How well does the image correspond to the text?,2,5
12,Ed Sci Exp 1 Teacher Chinese,128,2025-09-02T02:20:20.095979+00:00,136,zhangyan,329,"Supermodel Lisa Loves Phrasal Verbs (gpt-image-1, gpt-5, Chinese glosses)",/accounts/public_content/329/,149,PAGE,1,How well does the image correspond to the text?,3,5
12,Ed Sci Exp 1 Teacher Chinese,128,2025-09-02T02:20:20.095979+00:00,136,zhangyan,329,"Supermodel Lisa Loves Phrasal Verbs (gpt-image-1, gpt-5, Chinese glosses)",/accounts/public_content/329/,149,PAGE,1,How well does the image correspond to the text?,4,4
12,Ed Sci Exp 1 Teacher Chinese,128,2025-09-02T02:20:20.095979+00:00,136,zhangyan,329,"Supermodel Lisa Loves Phrasal Verbs (gpt-image-1, gpt-5, Chinese glosses)",/accounts/public_content/329/,149,PAGE,1,How well does the image correspond to the text?,5,5
12,Ed Sci Exp 1 Teacher Chinese,128,2025-09-02T02:20:20.095979+00:00,136,zhangyan,329,"Supermodel Lisa Loves Phrasal Verbs (gpt-image-1, gpt-5, Chinese glosses)",/accounts/public_content/329/,149,PAGE,1,How well does the image correspond to the text?,6,5
12,Ed Sci Exp 1 Teacher Chinese,128,2025-09-02T02:20:20.095979+00:00,136,zhangyan,329,"Supermodel Lisa Loves Phrasal Verbs (gpt-image-1, gpt-5, Chinese glosses)",/accounts/public_content/329/,149,PAGE,1,How well does the image correspond to the text?,7,5
12,Ed Sci Exp 1 Teacher Chinese,128,2025-09-02T02:20:20.095979+00:00,136,zhangyan,329,"Supermodel Lisa Loves Phrasal Verbs (gpt-image-1, gpt-5, Chinese glosses)",/accounts/public_content/329/,149,PAGE,1,How well does the image correspond to the text?,8,5
12,Ed Sci Exp 1 Teacher Chinese,128,2025-09-02T02:20:20.095979+00:00,136,zhangyan,329,"Supermodel Lisa Loves Phrasal Verbs (gpt-image-1, gpt-5, Chinese glosses)",/accounts/public_content/329/,149,PAGE,1,How well does the image correspond to the text?,9,5
12,Ed Sci Exp 1 Teacher Chinese,128,2025-09-02T02:20:20.095979+00:00,136,zhangyan,329,"Supermodel Lisa Loves Phrasal Verbs (gpt-image-1, gpt-5, Chinese glosses)",/accounts/public_content/329/,149,PAGE,1,How well does the image correspond to the text?,10,5
12,Ed Sci Exp 1 Teacher Chinese,128,2025-09-02T02:20:20.095979+00:00,136,zhangyan,329,"Supermodel Lisa Loves Phrasal Verbs (gpt-image-1, gpt-5, Chinese glosses)",/accounts/public_content/329/,149,PAGE,1,How well does the image correspond to the text?,11,5
12,Ed Sci Exp 1 Teacher Chinese,128,2025-09-02T02:20:20.095979+00:00,136,zhangyan,329,"Supermodel Lisa Loves Phrasal Verbs (gpt-image-1, gpt-5, Chinese glosses)",/accounts/public_content/329/,149,PAGE,1,How well does the image correspond to the text?,12,5
12,Ed Sci Exp 1 Teacher Chinese,128,2025-09-02T02:20:20.095979+00:00,136,zhangyan,329,"Supermodel Lisa Loves Phrasal Verbs (gpt-image-1, gpt-5, Chinese glosses)",/accounts/public_content/329/,149,PAGE,1,How well does the image correspond to the text?,13,5
12,Ed Sci Exp 1 Teacher Chinese,128,2025-09-02T02:20:20.095979+00:00,136,zhangyan,329,"Supermodel Lisa Loves Phrasal Verbs (gpt-image-1, gpt-5, Chinese glosses)",/accounts/public_content/329/,150,PAGE,2,How accurate are the glosses?,1,5
12,Ed Sci Exp 1 Teacher Chinese,128,2025-09-02T02:20:20.095979+00:00,136,zhangyan,329,"Supermodel Lisa Loves Phrasal Verbs (gpt-image-1, gpt-5, Chinese glosses)",/accounts/public_content/329/,150,PAGE,2,How accurate are the glosses?,2,4
12,Ed Sci Exp 1 Teacher Chinese,128,2025-09-02T02:20:20.095979+00:00,136,zhangyan,329,"Supermodel Lisa Loves Phrasal Verbs (gpt-image-1, gpt-5, Chinese glosses)",/accounts/public_content/329/,150,PAGE,2,How accurate are the glosses?,3,5
12,Ed Sci Exp 1 Teacher Chinese,128,2025-09-02T02:20:20.095979+00:00,136,zhangyan,329,"Supermodel Lisa Loves Phrasal Verbs (gpt-image-1, gpt-5, Chinese glosses)",/accounts/public_content/329/,150,PAGE,2,How accurate are the glosses?,4,5
12,Ed Sci Exp 1 Teacher Chinese,128,2025-09-02T02:20:20.095979+00:00,136,zhangyan,329,"Supermodel Lisa Loves Phrasal Verbs (gpt-image-1, gpt-5, Chinese glosses)",/accounts/public_content/329/,150,PAGE,2,How accurate are the glosses?,5,5
12,Ed Sci Exp 1 Teacher Chinese,128,2025-09-02T02:20:20.095979+00:00,136,zhangyan,329,"Supermodel Lisa Loves Phrasal Verbs (gpt-image-1, gpt-5, Chinese glosses)",/accounts/public_content/329/,150,PAGE,2,How accurate are the glosses?,6,5
12,Ed Sci Exp 1 Teacher Chinese,128,2025-09-02T02:20:20.095979+00:00,136,zhangyan,329,"Supermodel Lisa Loves Phrasal Verbs (gpt-image-1, gpt-5, Chinese glosses)",/accounts/public_content/329/,150,PAGE,2,How accurate are the glosses?,7,5
12,Ed Sci Exp 1 Teacher Chinese,128,2025-09-02T02:20:20.095979+00:00,136,zhangyan,329,"Supermodel Lisa Loves Phrasal Verbs (gpt-image-1, gpt-5, Chinese glosses)",/accounts/public_content/329/,150,PAGE,2,How accurate are the glosses?,8,4
12,Ed Sci Exp 1 Teacher Chinese,128,2025-09-02T02:20:20.095979+00:00,136,zhangyan,329,"Supermodel Lisa Loves Phrasal Verbs (gpt-image-1, gpt-5, Chinese glosses)",/accounts/public_content/329/,150,PAGE,2,How accurate are the glosses?,9,5
12,Ed Sci Exp 1 Teacher Chinese,128,2025-09-02T02:20:20.095979+00:00,136,zhangyan,329,"Supermodel Lisa Loves Phrasal Verbs (gpt-image-1, gpt-5, Chinese glosses)",/accounts/public_content/329/,150,PAGE,2,How accurate are the glosses?,10,4
12,Ed Sci Exp 1 Teacher Chinese,128,2025-09-02T02:20:20.095979+00:00,136,zhangyan,329,"Supermodel Lisa Loves Phrasal Verbs (gpt-image-1, gpt-5, Chinese glosses)",/accounts/public_content/329/,150,PAGE,2,How accurate are the glosses?,11,5
12,Ed Sci Exp 1 Teacher Chinese,128,2025-09-02T02:20:20.095979+00:00,136,zhangyan,329,"Supermodel Lisa Loves Phrasal Verbs (gpt-image-1, gpt-5, Chinese glosses)",/accounts/public_content/329/,150,PAGE,2,How accurate are the glosses?,12,5
12,Ed Sci Exp 1 Teacher Chinese,128,2025-09-02T02:20:20.095979+00:00,136,zhangyan,329,"Supermodel Lisa Loves Phrasal Verbs (gpt-image-1, gpt-5, Chinese glosses)",/accounts/public_content/329/,150,PAGE,2,How accurate are the glosses?,13,5
12,Ed Sci Exp 1 Teacher Chinese,128,2025-09-02T02:20:20.095979+00:00,136,zhangyan,329,"Supermodel Lisa Loves Phrasal Verbs (gpt-image-1, gpt-5, Chinese glosses)",/accounts/public_content/329/,151,PAGE,3,How accurate are the translations?,1,5
12,Ed Sci Exp 1 Teacher Chinese,128,2025-09-02T02:20:20.095979+00:00,136,zhangyan,329,"Supermodel Lisa Loves Phrasal Verbs (gpt-image-1, gpt-5, Chinese glosses)",/accounts/public_content/329/,151,PAGE,3,How accurate are the translations?,2,5
12,Ed Sci Exp 1 Teacher Chinese,128,2025-09-02T02:20:20.095979+00:00,136,zhangyan,329,"Supermodel Lisa Loves Phrasal Verbs (gpt-image-1, gpt-5, Chinese glosses)",/accounts/public_content/329/,151,PAGE,3,How accurate are the translations?,3,4
12,Ed Sci Exp 1 Teacher Chinese,128,2025-09-02T02:20:20.095979+00:00,136,zhangyan,329,"Supermodel Lisa Loves Phrasal Verbs (gpt-image-1, gpt-5, Chinese glosses)",/accounts/public_content/329/,151,PAGE,3,How accurate are the translations?,4,4
12,Ed Sci Exp 1 Teacher Chinese,128,2025-09-02T02:20:20.095979+00:00,136,zhangyan,329,"Supermodel Lisa Loves Phrasal Verbs (gpt-image-1, gpt-5, Chinese glosses)",/accounts/public_content/329/,151,PAGE,3,How accurate are the translations?,5,5
12,Ed Sci Exp 1 Teacher Chinese,128,2025-09-02T02:20:20.095979+00:00,136,zhangyan,329,"Supermodel Lisa Loves Phrasal Verbs (gpt-image-1, gpt-5, Chinese glosses)",/accounts/public_content/329/,151,PAGE,3,How accurate are the translations?,6,5
12,Ed Sci Exp 1 Teacher Chinese,128,2025-09-02T02:20:20.095979+00:00,136,zhangyan,329,"Supermodel Lisa Loves Phrasal Verbs (gpt-image-1, gpt-5, Chinese glosses)",/accounts/public_content/329/,151,PAGE,3,How accurate are the translations?,7,5
12,Ed Sci Exp 1 Teacher Chinese,128,2025-09-02T02:20:20.095979+00:00,136,zhangyan,329,"Supermodel Lisa Loves Phrasal Verbs (gpt-image-1, gpt-5, Chinese glosses)",/accounts/public_content/329/,151,PAGE,3,How accurate are the translations?,8,5
12,Ed Sci Exp 1 Teacher Chinese,128,2025-09-02T02:20:20.095979+00:00,136,zhangyan,329,"Supermodel Lisa Loves Phrasal Verbs (gpt-image-1, gpt-5, Chinese glosses)",/accounts/public_content/329/,151,PAGE,3,How accurate are the translations?,9,4
12,Ed Sci Exp 1 Teacher Chinese,128,2025-09-02T02:20:20.095979+00:00,136,zhangyan,329,"Supermodel Lisa Loves Phrasal Verbs (gpt-image-1, gpt-5, Chinese glosses)",/accounts/public_content/329/,151,PAGE,3,How accurate are the translations?,10,5
12,Ed Sci Exp 1 Teacher Chinese,128,2025-09-02T02:20:20.095979+00:00,136,zhangyan,329,"Supermodel Lisa Loves Phrasal Verbs (gpt-image-1, gpt-5, Chinese glosses)",/accounts/public_content/329/,151,PAGE,3,How accurate are the translations?,11,5
12,Ed Sci Exp 1 Teacher Chinese,128,2025-09-02T02:20:20.095979+00:00,136,zhangyan,329,"Supermodel Lisa Loves Phrasal Verbs (gpt-image-1, gpt-5, Chinese glosses)",/accounts/public_content/329/,151,PAGE,3,How accurate are the translations?,12,5
12,Ed Sci Exp 1 Teacher Chinese,128,2025-09-02T02:20:20.095979+00:00,136,zhangyan,329,"Supermodel Lisa Loves Phrasal Verbs (gpt-image-1, gpt-5, Chinese glosses)",/accounts/public_content/329/,151,PAGE,3,How accurate are the translations?,13,4
12,Ed Sci Exp 1 Teacher Chinese,134,2025-09-02T02:56:20.007084+00:00,137,weiwei,329,"Supermodel Lisa Loves Phrasal Verbs (gpt-image-1, gpt-5, Chinese glosses)",/accounts/public_content/329/,129,BOOK,1,How consistent is the style of the images overall?,,5
12,Ed Sci Exp 1 Teacher Chinese,134,2025-09-02T02:56:20.007084+00:00,137,weiwei,329,"Supermodel Lisa Loves Phrasal Verbs (gpt-image-1, gpt-5, Chinese glosses)",/accounts/public_content/329/,130,BOOK,2,How consistent is the appearance of the elements overall?,,5
12,Ed Sci Exp 1 Teacher Chinese,134,2025-09-02T02:56:20.007084+00:00,137,weiwei,329,"Supermodel Lisa Loves Phrasal Verbs (gpt-image-1, gpt-5, Chinese glosses)",/accounts/public_content/329/,131,BOOK,3,How culturally appropriate are the images to the relevant culture?,,5
12,Ed Sci Exp 1 Teacher Chinese,134,2025-09-02T02:56:20.007084+00:00,137,weiwei,329,"Supermodel Lisa Loves Phrasal Verbs (gpt-image-1, gpt-5, Chinese glosses)",/accounts/public_content/329/,132,BOOK,4,How visually appealing do you find the images overall?,,5
12,Ed Sci Exp 1 Teacher Chinese,134,2025-09-02T02:56:20.007084+00:00,137,weiwei,329,"Supermodel Lisa Loves Phrasal Verbs (gpt-image-1, gpt-5, Chinese glosses)",/accounts/public_content/329/,149,PAGE,1,How well does the image correspond to the text?,1,5
12,Ed Sci Exp 1 Teacher Chinese,134,2025-09-02T02:56:20.007084+00:00,137,weiwei,329,"Supermodel Lisa Loves Phrasal Verbs (gpt-image-1, gpt-5, Chinese glosses)",/accounts/public_content/329/,149,PAGE,1,How well does the image correspond to the text?,2,5
12,Ed Sci Exp 1 Teacher Chinese,134,2025-09-02T02:56:20.007084+00:00,137,weiwei,329,"Supermodel Lisa Loves Phrasal Verbs (gpt-image-1, gpt-5, Chinese glosses)",/accounts/public_content/329/,149,PAGE,1,How well does the image correspond to the text?,3,5
12,Ed Sci Exp 1 Teacher Chinese,134,2025-09-02T02:56:20.007084+00:00,137,weiwei,329,"Supermodel Lisa Loves Phrasal Verbs (gpt-image-1, gpt-5, Chinese glosses)",/accounts/public_content/329/,149,PAGE,1,How well does the image correspond to the text?,4,5
12,Ed Sci Exp 1 Teacher Chinese,134,2025-09-02T02:56:20.007084+00:00,137,weiwei,329,"Supermodel Lisa Loves Phrasal Verbs (gpt-image-1, gpt-5, Chinese glosses)",/accounts/public_content/329/,149,PAGE,1,How well does the image correspond to the text?,5,5
12,Ed Sci Exp 1 Teacher Chinese,134,2025-09-02T02:56:20.007084+00:00,137,weiwei,329,"Supermodel Lisa Loves Phrasal Verbs (gpt-image-1, gpt-5, Chinese glosses)",/accounts/public_content/329/,149,PAGE,1,How well does the image correspond to the text?,6,5
12,Ed Sci Exp 1 Teacher Chinese,134,2025-09-02T02:56:20.007084+00:00,137,weiwei,329,"Supermodel Lisa Loves Phrasal Verbs (gpt-image-1, gpt-5, Chinese glosses)",/accounts/public_content/329/,149,PAGE,1,How well does the image correspond to the text?,7,5
12,Ed Sci Exp 1 Teacher Chinese,134,2025-09-02T02:56:20.007084+00:00,137,weiwei,329,"Supermodel Lisa Loves Phrasal Verbs (gpt-image-1, gpt-5, Chinese glosses)",/accounts/public_content/329/,149,PAGE,1,How well does the image correspond to the text?,8,5
12,Ed Sci Exp 1 Teacher Chinese,134,2025-09-02T02:56:20.007084+00:00,137,weiwei,329,"Supermodel Lisa Loves Phrasal Verbs (gpt-image-1, gpt-5, Chinese glosses)",/accounts/public_content/329/,149,PAGE,1,How well does the image correspond to the text?,9,5
12,Ed Sci Exp 1 Teacher Chinese,134,2025-09-02T02:56:20.007084+00:00,137,weiwei,329,"Supermodel Lisa Loves Phrasal Verbs (gpt-image-1, gpt-5, Chinese glosses)",/accounts/public_content/329/,149,PAGE,1,How well does the image correspond to the text?,10,5
12,Ed Sci Exp 1 Teacher Chinese,134,2025-09-02T02:56:20.007084+00:00,137,weiwei,329,"Supermodel Lisa Loves Phrasal Verbs (gpt-image-1, gpt-5, Chinese glosses)",/accounts/public_content/329/,149,PAGE,1,How well does the image correspond to the text?,11,5
12,Ed Sci Exp 1 Teacher Chinese,134,2025-09-02T02:56:20.007084+00:00,137,weiwei,329,"Supermodel Lisa Loves Phrasal Verbs (gpt-image-1, gpt-5, Chinese glosses)",/accounts/public_content/329/,149,PAGE,1,How well does the image correspond to the text?,12,5
12,Ed Sci Exp 1 Teacher Chinese,134,2025-09-02T02:56:20.007084+00:00,137,weiwei,329,"Supermodel Lisa Loves Phrasal Verbs (gpt-image-1, gpt-5, Chinese glosses)",/accounts/public_content/329/,149,PAGE,1,How well does the image correspond to the text?,13,5
12,Ed Sci Exp 1 Teacher Chinese,134,2025-09-02T02:56:20.007084+00:00,137,weiwei,329,"Supermodel Lisa Loves Phrasal Verbs (gpt-image-1, gpt-5, Chinese glosses)",/accounts/public_content/329/,150,PAGE,2,How accurate are the glosses?,1,5
12,Ed Sci Exp 1 Teacher Chinese,134,2025-09-02T02:56:20.007084+00:00,137,weiwei,329,"Supermodel Lisa Loves Phrasal Verbs (gpt-image-1, gpt-5, Chinese glosses)",/accounts/public_content/329/,150,PAGE,2,How accurate are the glosses?,2,5
12,Ed Sci Exp 1 Teacher Chinese,134,2025-09-02T02:56:20.007084+00:00,137,weiwei,329,"Supermodel Lisa Loves Phrasal Verbs (gpt-image-1, gpt-5, Chinese glosses)",/accounts/public_content/329/,150,PAGE,2,How accurate are the glosses?,3,4
12,Ed Sci Exp 1 Teacher Chinese,134,2025-09-02T02:56:20.007084+00:00,137,weiwei,329,"Supermodel Lisa Loves Phrasal Verbs (gpt-image-1, gpt-5, Chinese glosses)",/accounts/public_content/329/,150,PAGE,2,How accurate are the glosses?,4,5
12,Ed Sci Exp 1 Teacher Chinese,134,2025-09-02T02:56:20.007084+00:00,137,weiwei,329,"Supermodel Lisa Loves Phrasal Verbs (gpt-image-1, gpt-5, Chinese glosses)",/accounts/public_content/329/,150,PAGE,2,How accurate are the glosses?,5,4
12,Ed Sci Exp 1 Teacher Chinese,134,2025-09-02T02:56:20.007084+00:00,137,weiwei,329,"Supermodel Lisa Loves Phrasal Verbs (gpt-image-1, gpt-5, Chinese glosses)",/accounts/public_content/329/,150,PAGE,2,How accurate are the glosses?,6,5
12,Ed Sci Exp 1 Teacher Chinese,134,2025-09-02T02:56:20.007084+00:00,137,weiwei,329,"Supermodel Lisa Loves Phrasal Verbs (gpt-image-1, gpt-5, Chinese glosses)",/accounts/public_content/329/,150,PAGE,2,How accurate are the glosses?,7,4
12,Ed Sci Exp 1 Teacher Chinese,134,2025-09-02T02:56:20.007084+00:00,137,weiwei,329,"Supermodel Lisa Loves Phrasal Verbs (gpt-image-1, gpt-5, Chinese glosses)",/accounts/public_content/329/,150,PAGE,2,How accurate are the glosses?,8,5
12,Ed Sci Exp 1 Teacher Chinese,134,2025-09-02T02:56:20.007084+00:00,137,weiwei,329,"Supermodel Lisa Loves Phrasal Verbs (gpt-image-1, gpt-5, Chinese glosses)",/accounts/public_content/329/,150,PAGE,2,How accurate are the glosses?,9,5
12,Ed Sci Exp 1 Teacher Chinese,134,2025-09-02T02:56:20.007084+00:00,137,weiwei,329,"Supermodel Lisa Loves Phrasal Verbs (gpt-image-1, gpt-5, Chinese glosses)",/accounts/public_content/329/,150,PAGE,2,How accurate are the glosses?,10,5
12,Ed Sci Exp 1 Teacher Chinese,134,2025-09-02T02:56:20.007084+00:00,137,weiwei,329,"Supermodel Lisa Loves Phrasal Verbs (gpt-image-1, gpt-5, Chinese glosses)",/accounts/public_content/329/,150,PAGE,2,How accurate are the glosses?,11,5
12,Ed Sci Exp 1 Teacher Chinese,134,2025-09-02T02:56:20.007084+00:00,137,weiwei,329,"Supermodel Lisa Loves Phrasal Verbs (gpt-image-1, gpt-5, Chinese glosses)",/accounts/public_content/329/,150,PAGE,2,How accurate are the glosses?,12,4
12,Ed Sci Exp 1 Teacher Chinese,134,2025-09-02T02:56:20.007084+00:00,137,weiwei,329,"Supermodel Lisa Loves Phrasal Verbs (gpt-image-1, gpt-5, Chinese glosses)",/accounts/public_content/329/,150,PAGE,2,How accurate are the glosses?,13,4
12,Ed Sci Exp 1 Teacher Chinese,134,2025-09-02T02:56:20.007084+00:00,137,weiwei,329,"Supermodel Lisa Loves Phrasal Verbs (gpt-image-1, gpt-5, Chinese glosses)",/accounts/public_content/329/,151,PAGE,3,How accurate are the translations?,1,5
12,Ed Sci Exp 1 Teacher Chinese,134,2025-09-02T02:56:20.007084+00:00,137,weiwei,329,"Supermodel Lisa Loves Phrasal Verbs (gpt-image-1, gpt-5, Chinese glosses)",/accounts/public_content/329/,151,PAGE,3,How accurate are the translations?,2,4
12,Ed Sci Exp 1 Teacher Chinese,134,2025-09-02T02:56:20.007084+00:00,137,weiwei,329,"Supermodel Lisa Loves Phrasal Verbs (gpt-image-1, gpt-5, Chinese glosses)",/accounts/public_content/329/,151,PAGE,3,How accurate are the translations?,3,5
12,Ed Sci Exp 1 Teacher Chinese,134,2025-09-02T02:56:20.007084+00:00,137,weiwei,329,"Supermodel Lisa Loves Phrasal Verbs (gpt-image-1, gpt-5, Chinese glosses)",/accounts/public_content/329/,151,PAGE,3,How accurate are the translations?,4,4
12,Ed Sci Exp 1 Teacher Chinese,134,2025-09-02T02:56:20.007084+00:00,137,weiwei,329,"Supermodel Lisa Loves Phrasal Verbs (gpt-image-1, gpt-5, Chinese glosses)",/accounts/public_content/329/,151,PAGE,3,How accurate are the translations?,5,5
12,Ed Sci Exp 1 Teacher Chinese,134,2025-09-02T02:56:20.007084+00:00,137,weiwei,329,"Supermodel Lisa Loves Phrasal Verbs (gpt-image-1, gpt-5, Chinese glosses)",/accounts/public_content/329/,151,PAGE,3,How accurate are the translations?,6,5
12,Ed Sci Exp 1 Teacher Chinese,134,2025-09-02T02:56:20.007084+00:00,137,weiwei,329,"Supermodel Lisa Loves Phrasal Verbs (gpt-image-1, gpt-5, Chinese glosses)",/accounts/public_content/329/,151,PAGE,3,How accurate are the translations?,7,5
12,Ed Sci Exp 1 Teacher Chinese,134,2025-09-02T02:56:20.007084+00:00,137,weiwei,329,"Supermodel Lisa Loves Phrasal Verbs (gpt-image-1, gpt-5, Chinese glosses)",/accounts/public_content/329/,151,PAGE,3,How accurate are the translations?,8,5
12,Ed Sci Exp 1 Teacher Chinese,134,2025-09-02T02:56:20.007084+00:00,137,weiwei,329,"Supermodel Lisa Loves Phrasal Verbs (gpt-image-1, gpt-5, Chinese glosses)",/accounts/public_content/329/,151,PAGE,3,How accurate are the translations?,9,4
12,Ed Sci Exp 1 Teacher Chinese,134,2025-09-02T02:56:20.007084+00:00,137,weiwei,329,"Supermodel Lisa Loves Phrasal Verbs (gpt-image-1, gpt-5, Chinese glosses)",/accounts/public_content/329/,151,PAGE,3,How accurate are the translations?,10,5
12,Ed Sci Exp 1 Teacher Chinese,134,2025-09-02T02:56:20.007084+00:00,137,weiwei,329,"Supermodel Lisa Loves Phrasal Verbs (gpt-image-1, gpt-5, Chinese glosses)",/accounts/public_content/329/,151,PAGE,3,How accurate are the translations?,11,5
12,Ed Sci Exp 1 Teacher Chinese,134,2025-09-02T02:56:20.007084+00:00,137,weiwei,329,"Supermodel Lisa Loves Phrasal Verbs (gpt-image-1, gpt-5, Chinese glosses)",/accounts/public_content/329/,151,PAGE,3,How accurate are the translations?,12,5
12,Ed Sci Exp 1 Teacher Chinese,134,2025-09-02T02:56:20.007084+00:00,137,weiwei,329,"Supermodel Lisa Loves Phrasal Verbs (gpt-image-1, gpt-5, Chinese glosses)",/accounts/public_content/329/,151,PAGE,3,How accurate are the translations?,13,5
12,Ed Sci Exp 1 Teacher Chinese,140,2025-09-02T03:32:33.310227+00:00,138,chunying,329,"Supermodel Lisa Loves Phrasal Verbs (gpt-image-1, gpt-5, Chinese glosses)",/accounts/public_content/329/,129,BOOK,1,How consistent is the style of the images overall?,,5
12,Ed Sci Exp 1 Teacher Chinese,140,2025-09-02T03:32:33.310227+00:00,138,chunying,329,"Supermodel Lisa Loves Phrasal Verbs (gpt-image-1, gpt-5, Chinese glosses)",/accounts/public_content/329/,130,BOOK,2,How consistent is the appearance of the elements overall?,,4
12,Ed Sci Exp 1 Teacher Chinese,140,2025-09-02T03:32:33.310227+00:00,138,chunying,329,"Supermodel Lisa Loves Phrasal Verbs (gpt-image-1, gpt-5, Chinese glosses)",/accounts/public_content/329/,131,BOOK,3,How culturally appropriate are the images to the relevant culture?,,5
12,Ed Sci Exp 1 Teacher Chinese,140,2025-09-02T03:32:33.310227+00:00,138,chunying,329,"Supermodel Lisa Loves Phrasal Verbs (gpt-image-1, gpt-5, Chinese glosses)",/accounts/public_content/329/,132,BOOK,4,How visually appealing do you find the images overall?,,5
12,Ed Sci Exp 1 Teacher Chinese,140,2025-09-02T03:32:33.310227+00:00,138,chunying,329,"Supermodel Lisa Loves Phrasal Verbs (gpt-image-1, gpt-5, Chinese glosses)",/accounts/public_content/329/,149,PAGE,1,How well does the image correspond to the text?,1,5
12,Ed Sci Exp 1 Teacher Chinese,140,2025-09-02T03:32:33.310227+00:00,138,chunying,329,"Supermodel Lisa Loves Phrasal Verbs (gpt-image-1, gpt-5, Chinese glosses)",/accounts/public_content/329/,149,PAGE,1,How well does the image correspond to the text?,2,5
12,Ed Sci Exp 1 Teacher Chinese,140,2025-09-02T03:32:33.310227+00:00,138,chunying,329,"Supermodel Lisa Loves Phrasal Verbs (gpt-image-1, gpt-5, Chinese glosses)",/accounts/public_content/329/,149,PAGE,1,How well does the image correspond to the text?,3,5
12,Ed Sci Exp 1 Teacher Chinese,140,2025-09-02T03:32:33.310227+00:00,138,chunying,329,"Supermodel Lisa Loves Phrasal Verbs (gpt-image-1, gpt-5, Chinese glosses)",/accounts/public_content/329/,149,PAGE,1,How well does the image correspond to the text?,4,4
12,Ed Sci Exp 1 Teacher Chinese,140,2025-09-02T03:32:33.310227+00:00,138,chunying,329,"Supermodel Lisa Loves Phrasal Verbs (gpt-image-1, gpt-5, Chinese glosses)",/accounts/public_content/329/,149,PAGE,1,How well does the image correspond to the text?,5,5
12,Ed Sci Exp 1 Teacher Chinese,140,2025-09-02T03:32:33.310227+00:00,138,chunying,329,"Supermodel Lisa Loves Phrasal Verbs (gpt-image-1, gpt-5, Chinese glosses)",/accounts/public_content/329/,149,PAGE,1,How well does the image correspond to the text?,6,4
12,Ed Sci Exp 1 Teacher Chinese,140,2025-09-02T03:32:33.310227+00:00,138,chunying,329,"Supermodel Lisa Loves Phrasal Verbs (gpt-image-1, gpt-5, Chinese glosses)",/accounts/public_content/329/,149,PAGE,1,How well does the image correspond to the text?,7,5
12,Ed Sci Exp 1 Teacher Chinese,140,2025-09-02T03:32:33.310227+00:00,138,chunying,329,"Supermodel Lisa Loves Phrasal Verbs (gpt-image-1, gpt-5, Chinese glosses)",/accounts/public_content/329/,149,PAGE,1,How well does the image correspond to the text?,8,5
12,Ed Sci Exp 1 Teacher Chinese,140,2025-09-02T03:32:33.310227+00:00,138,chunying,329,"Supermodel Lisa Loves Phrasal Verbs (gpt-image-1, gpt-5, Chinese glosses)",/accounts/public_content/329/,149,PAGE,1,How well does the image correspond to the text?,9,5
12,Ed Sci Exp 1 Teacher Chinese,140,2025-09-02T03:32:33.310227+00:00,138,chunying,329,"Supermodel Lisa Loves Phrasal Verbs (gpt-image-1, gpt-5, Chinese glosses)",/accounts/public_content/329/,149,PAGE,1,How well does the image correspond to the text?,10,5
12,Ed Sci Exp 1 Teacher Chinese,140,2025-09-02T03:32:33.310227+00:00,138,chunying,329,"Supermodel Lisa Loves Phrasal Verbs (gpt-image-1, gpt-5, Chinese glosses)",/accounts/public_content/329/,149,PAGE,1,How well does the image correspond to the text?,11,5
12,Ed Sci Exp 1 Teacher Chinese,140,2025-09-02T03:32:33.310227+00:00,138,chunying,329,"Supermodel Lisa Loves Phrasal Verbs (gpt-image-1, gpt-5, Chinese glosses)",/accounts/public_content/329/,149,PAGE,1,How well does the image correspond to the text?,12,5
12,Ed Sci Exp 1 Teacher Chinese,140,2025-09-02T03:32:33.310227+00:00,138,chunying,329,"Supermodel Lisa Loves Phrasal Verbs (gpt-image-1, gpt-5, Chinese glosses)",/accounts/public_content/329/,149,PAGE,1,How well does the image correspond to the text?,13,5
12,Ed Sci Exp 1 Teacher Chinese,140,2025-09-02T03:32:33.310227+00:00,138,chunying,329,"Supermodel Lisa Loves Phrasal Verbs (gpt-image-1, gpt-5, Chinese glosses)",/accounts/public_content/329/,150,PAGE,2,How accurate are the glosses?,1,5
12,Ed Sci Exp 1 Teacher Chinese,140,2025-09-02T03:32:33.310227+00:00,138,chunying,329,"Supermodel Lisa Loves Phrasal Verbs (gpt-image-1, gpt-5, Chinese glosses)",/accounts/public_content/329/,150,PAGE,2,How accurate are the glosses?,2,5
12,Ed Sci Exp 1 Teacher Chinese,140,2025-09-02T03:32:33.310227+00:00,138,chunying,329,"Supermodel Lisa Loves Phrasal Verbs (gpt-image-1, gpt-5, Chinese glosses)",/accounts/public_content/329/,150,PAGE,2,How accurate are the glosses?,3,4
12,Ed Sci Exp 1 Teacher Chinese,140,2025-09-02T03:32:33.310227+00:00,138,chunying,329,"Supermodel Lisa Loves Phrasal Verbs (gpt-image-1, gpt-5, Chinese glosses)",/accounts/public_content/329/,150,PAGE,2,How accurate are the glosses?,4,4
12,Ed Sci Exp 1 Teacher Chinese,140,2025-09-02T03:32:33.310227+00:00,138,chunying,329,"Supermodel Lisa Loves Phrasal Verbs (gpt-image-1, gpt-5, Chinese glosses)",/accounts/public_content/329/,150,PAGE,2,How accurate are the glosses?,5,5
12,Ed Sci Exp 1 Teacher Chinese,140,2025-09-02T03:32:33.310227+00:00,138,chunying,329,"Supermodel Lisa Loves Phrasal Verbs (gpt-image-1, gpt-5, Chinese glosses)",/accounts/public_content/329/,150,PAGE,2,How accurate are the glosses?,6,5
12,Ed Sci Exp 1 Teacher Chinese,140,2025-09-02T03:32:33.310227+00:00,138,chunying,329,"Supermodel Lisa Loves Phrasal Verbs (gpt-image-1, gpt-5, Chinese glosses)",/accounts/public_content/329/,150,PAGE,2,How accurate are the glosses?,7,5
12,Ed Sci Exp 1 Teacher Chinese,140,2025-09-02T03:32:33.310227+00:00,138,chunying,329,"Supermodel Lisa Loves Phrasal Verbs (gpt-image-1, gpt-5, Chinese glosses)",/accounts/public_content/329/,150,PAGE,2,How accurate are the glosses?,8,4
12,Ed Sci Exp 1 Teacher Chinese,140,2025-09-02T03:32:33.310227+00:00,138,chunying,329,"Supermodel Lisa Loves Phrasal Verbs (gpt-image-1, gpt-5, Chinese glosses)",/accounts/public_content/329/,150,PAGE,2,How accurate are the glosses?,9,5
12,Ed Sci Exp 1 Teacher Chinese,140,2025-09-02T03:32:33.310227+00:00,138,chunying,329,"Supermodel Lisa Loves Phrasal Verbs (gpt-image-1, gpt-5, Chinese glosses)",/accounts/public_content/329/,150,PAGE,2,How accurate are the glosses?,10,5
12,Ed Sci Exp 1 Teacher Chinese,140,2025-09-02T03:32:33.310227+00:00,138,chunying,329,"Supermodel Lisa Loves Phrasal Verbs (gpt-image-1, gpt-5, Chinese glosses)",/accounts/public_content/329/,150,PAGE,2,How accurate are the glosses?,11,4
12,Ed Sci Exp 1 Teacher Chinese,140,2025-09-02T03:32:33.310227+00:00,138,chunying,329,"Supermodel Lisa Loves Phrasal Verbs (gpt-image-1, gpt-5, Chinese glosses)",/accounts/public_content/329/,150,PAGE,2,How accurate are the glosses?,12,5
12,Ed Sci Exp 1 Teacher Chinese,140,2025-09-02T03:32:33.310227+00:00,138,chunying,329,"Supermodel Lisa Loves Phrasal Verbs (gpt-image-1, gpt-5, Chinese glosses)",/accounts/public_content/329/,150,PAGE,2,How accurate are the glosses?,13,5
12,Ed Sci Exp 1 Teacher Chinese,140,2025-09-02T03:32:33.310227+00:00,138,chunying,329,"Supermodel Lisa Loves Phrasal Verbs (gpt-image-1, gpt-5, Chinese glosses)",/accounts/public_content/329/,151,PAGE,3,How accurate are the translations?,1,5
12,Ed Sci Exp 1 Teacher Chinese,140,2025-09-02T03:32:33.310227+00:00,138,chunying,329,"Supermodel Lisa Loves Phrasal Verbs (gpt-image-1, gpt-5, Chinese glosses)",/accounts/public_content/329/,151,PAGE,3,How accurate are the translations?,2,5
12,Ed Sci Exp 1 Teacher Chinese,140,2025-09-02T03:32:33.310227+00:00,138,chunying,329,"Supermodel Lisa Loves Phrasal Verbs (gpt-image-1, gpt-5, Chinese glosses)",/accounts/public_content/329/,151,PAGE,3,How accurate are the translations?,3,5
12,Ed Sci Exp 1 Teacher Chinese,140,2025-09-02T03:32:33.310227+00:00,138,chunying,329,"Supermodel Lisa Loves Phrasal Verbs (gpt-image-1, gpt-5, Chinese glosses)",/accounts/public_content/329/,151,PAGE,3,How accurate are the translations?,4,5
12,Ed Sci Exp 1 Teacher Chinese,140,2025-09-02T03:32:33.310227+00:00,138,chunying,329,"Supermodel Lisa Loves Phrasal Verbs (gpt-image-1, gpt-5, Chinese glosses)",/accounts/public_content/329/,151,PAGE,3,How accurate are the translations?,5,4
12,Ed Sci Exp 1 Teacher Chinese,140,2025-09-02T03:32:33.310227+00:00,138,chunying,329,"Supermodel Lisa Loves Phrasal Verbs (gpt-image-1, gpt-5, Chinese glosses)",/accounts/public_content/329/,151,PAGE,3,How accurate are the translations?,6,5
12,Ed Sci Exp 1 Teacher Chinese,140,2025-09-02T03:32:33.310227+00:00,138,chunying,329,"Supermodel Lisa Loves Phrasal Verbs (gpt-image-1, gpt-5, Chinese glosses)",/accounts/public_content/329/,151,PAGE,3,How accurate are the translations?,7,5
12,Ed Sci Exp 1 Teacher Chinese,140,2025-09-02T03:32:33.310227+00:00,138,chunying,329,"Supermodel Lisa Loves Phrasal Verbs (gpt-image-1, gpt-5, Chinese glosses)",/accounts/public_content/329/,151,PAGE,3,How accurate are the translations?,8,4
12,Ed Sci Exp 1 Teacher Chinese,140,2025-09-02T03:32:33.310227+00:00,138,chunying,329,"Supermodel Lisa Loves Phrasal Verbs (gpt-image-1, gpt-5, Chinese glosses)",/accounts/public_content/329/,151,PAGE,3,How accurate are the translations?,9,5
12,Ed Sci Exp 1 Teacher Chinese,140,2025-09-02T03:32:33.310227+00:00,138,chunying,329,"Supermodel Lisa Loves Phrasal Verbs (gpt-image-1, gpt-5, Chinese glosses)",/accounts/public_content/329/,151,PAGE,3,How accurate are the translations?,10,5
12,Ed Sci Exp 1 Teacher Chinese,140,2025-09-02T03:32:33.310227+00:00,138,chunying,329,"Supermodel Lisa Loves Phrasal Verbs (gpt-image-1, gpt-5, Chinese glosses)",/accounts/public_content/329/,151,PAGE,3,How accurate are the translations?,11,4
12,Ed Sci Exp 1 Teacher Chinese,140,2025-09-02T03:32:33.310227+00:00,138,chunying,329,"Supermodel Lisa Loves Phrasal Verbs (gpt-image-1, gpt-5, Chinese glosses)",/accounts/public_content/329/,151,PAGE,3,How accurate are the translations?,12,5
12,Ed Sci Exp 1 Teacher Chinese,140,2025-09-02T03:32:33.310227+00:00,138,chunying,329,"Supermodel Lisa Loves Phrasal Verbs (gpt-image-1, gpt-5, Chinese glosses)",/accounts/public_content/329/,151,PAGE,3,How accurate are the translations?,13,4
12,Ed Sci Exp 1 Teacher Chinese,146,2025-09-02T04:18:13.313092+00:00,139,shuai,329,"Supermodel Lisa Loves Phrasal Verbs (gpt-image-1, gpt-5, Chinese glosses)",/accounts/public_content/329/,129,BOOK,1,How consistent is the style of the images overall?,,5
12,Ed Sci Exp 1 Teacher Chinese,146,2025-09-02T04:18:13.313092+00:00,139,shuai,329,"Supermodel Lisa Loves Phrasal Verbs (gpt-image-1, gpt-5, Chinese glosses)",/accounts/public_content/329/,130,BOOK,2,How consistent is the appearance of the elements overall?,,4
12,Ed Sci Exp 1 Teacher Chinese,146,2025-09-02T04:18:13.313092+00:00,139,shuai,329,"Supermodel Lisa Loves Phrasal Verbs (gpt-image-1, gpt-5, Chinese glosses)",/accounts/public_content/329/,131,BOOK,3,How culturally appropriate are the images to the relevant culture?,,5
12,Ed Sci Exp 1 Teacher Chinese,146,2025-09-02T04:18:13.313092+00:00,139,shuai,329,"Supermodel Lisa Loves Phrasal Verbs (gpt-image-1, gpt-5, Chinese glosses)",/accounts/public_content/329/,132,BOOK,4,How visually appealing do you find the images overall?,,5
12,Ed Sci Exp 1 Teacher Chinese,146,2025-09-02T04:18:13.313092+00:00,139,shuai,329,"Supermodel Lisa Loves Phrasal Verbs (gpt-image-1, gpt-5, Chinese glosses)",/accounts/public_content/329/,149,PAGE,1,How well does the image correspond to the text?,1,5
12,Ed Sci Exp 1 Teacher Chinese,146,2025-09-02T04:18:13.313092+00:00,139,shuai,329,"Supermodel Lisa Loves Phrasal Verbs (gpt-image-1, gpt-5, Chinese glosses)",/accounts/public_content/329/,149,PAGE,1,How well does the image correspond to the text?,2,5
12,Ed Sci Exp 1 Teacher Chinese,146,2025-09-02T04:18:13.313092+00:00,139,shuai,329,"Supermodel Lisa Loves Phrasal Verbs (gpt-image-1, gpt-5, Chinese glosses)",/accounts/public_content/329/,149,PAGE,1,How well does the image correspond to the text?,3,5
12,Ed Sci Exp 1 Teacher Chinese,146,2025-09-02T04:18:13.313092+00:00,139,shuai,329,"Supermodel Lisa Loves Phrasal Verbs (gpt-image-1, gpt-5, Chinese glosses)",/accounts/public_content/329/,149,PAGE,1,How well does the image correspond to the text?,4,5
12,Ed Sci Exp 1 Teacher Chinese,146,2025-09-02T04:18:13.313092+00:00,139,shuai,329,"Supermodel Lisa Loves Phrasal Verbs (gpt-image-1, gpt-5, Chinese glosses)",/accounts/public_content/329/,149,PAGE,1,How well does the image correspond to the text?,5,5
12,Ed Sci Exp 1 Teacher Chinese,146,2025-09-02T04:18:13.313092+00:00,139,shuai,329,"Supermodel Lisa Loves Phrasal Verbs (gpt-image-1, gpt-5, Chinese glosses)",/accounts/public_content/329/,149,PAGE,1,How well does the image correspond to the text?,6,5
12,Ed Sci Exp 1 Teacher Chinese,146,2025-09-02T04:18:13.313092+00:00,139,shuai,329,"Supermodel Lisa Loves Phrasal Verbs (gpt-image-1, gpt-5, Chinese glosses)",/accounts/public_content/329/,149,PAGE,1,How well does the image correspond to the text?,7,5
12,Ed Sci Exp 1 Teacher Chinese,146,2025-09-02T04:18:13.313092+00:00,139,shuai,329,"Supermodel Lisa Loves Phrasal Verbs (gpt-image-1, gpt-5, Chinese glosses)",/accounts/public_content/329/,149,PAGE,1,How well does the image correspond to the text?,8,5
12,Ed Sci Exp 1 Teacher Chinese,146,2025-09-02T04:18:13.313092+00:00,139,shuai,329,"Supermodel Lisa Loves Phrasal Verbs (gpt-image-1, gpt-5, Chinese glosses)",/accounts/public_content/329/,149,PAGE,1,How well does the image correspond to the text?,9,5
12,Ed Sci Exp 1 Teacher Chinese,146,2025-09-02T04:18:13.313092+00:00,139,shuai,329,"Supermodel Lisa Loves Phrasal Verbs (gpt-image-1, gpt-5, Chinese glosses)",/accounts/public_content/329/,149,PAGE,1,How well does the image correspond to the text?,10,5
12,Ed Sci Exp 1 Teacher Chinese,146,2025-09-02T04:18:13.313092+00:00,139,shuai,329,"Supermodel Lisa Loves Phrasal Verbs (gpt-image-1, gpt-5, Chinese glosses)",/accounts/public_content/329/,149,PAGE,1,How well does the image correspond to the text?,11,5
12,Ed Sci Exp 1 Teacher Chinese,146,2025-09-02T04:18:13.313092+00:00,139,shuai,329,"Supermodel Lisa Loves Phrasal Verbs (gpt-image-1, gpt-5, Chinese glosses)",/accounts/public_content/329/,149,PAGE,1,How well does the image correspond to the text?,12,5
12,Ed Sci Exp 1 Teacher Chinese,146,2025-09-02T04:18:13.313092+00:00,139,shuai,329,"Supermodel Lisa Loves Phrasal Verbs (gpt-image-1, gpt-5, Chinese glosses)",/accounts/public_content/329/,149,PAGE,1,How well does the image correspond to the text?,13,5
12,Ed Sci Exp 1 Teacher Chinese,146,2025-09-02T04:18:13.313092+00:00,139,shuai,329,"Supermodel Lisa Loves Phrasal Verbs (gpt-image-1, gpt-5, Chinese glosses)",/accounts/public_content/329/,150,PAGE,2,How accurate are the glosses?,1,5
12,Ed Sci Exp 1 Teacher Chinese,146,2025-09-02T04:18:13.313092+00:00,139,shuai,329,"Supermodel Lisa Loves Phrasal Verbs (gpt-image-1, gpt-5, Chinese glosses)",/accounts/public_content/329/,150,PAGE,2,How accurate are the glosses?,2,4
12,Ed Sci Exp 1 Teacher Chinese,146,2025-09-02T04:18:13.313092+00:00,139,shuai,329,"Supermodel Lisa Loves Phrasal Verbs (gpt-image-1, gpt-5, Chinese glosses)",/accounts/public_content/329/,150,PAGE,2,How accurate are the glosses?,3,5
12,Ed Sci Exp 1 Teacher Chinese,146,2025-09-02T04:18:13.313092+00:00,139,shuai,329,"Supermodel Lisa Loves Phrasal Verbs (gpt-image-1, gpt-5, Chinese glosses)",/accounts/public_content/329/,150,PAGE,2,How accurate are the glosses?,4,5
12,Ed Sci Exp 1 Teacher Chinese,146,2025-09-02T04:18:13.313092+00:00,139,shuai,329,"Supermodel Lisa Loves Phrasal Verbs (gpt-image-1, gpt-5, Chinese glosses)",/accounts/public_content/329/,150,PAGE,2,How accurate are the glosses?,5,4
12,Ed Sci Exp 1 Teacher Chinese,146,2025-09-02T04:18:13.313092+00:00,139,shuai,329,"Supermodel Lisa Loves Phrasal Verbs (gpt-image-1, gpt-5, Chinese glosses)",/accounts/public_content/329/,150,PAGE,2,How accurate are the glosses?,6,5
12,Ed Sci Exp 1 Teacher Chinese,146,2025-09-02T04:18:13.313092+00:00,139,shuai,329,"Supermodel Lisa Loves Phrasal Verbs (gpt-image-1, gpt-5, Chinese glosses)",/accounts/public_content/329/,150,PAGE,2,How accurate are the glosses?,7,5
12,Ed Sci Exp 1 Teacher Chinese,146,2025-09-02T04:18:13.313092+00:00,139,shuai,329,"Supermodel Lisa Loves Phrasal Verbs (gpt-image-1, gpt-5, Chinese glosses)",/accounts/public_content/329/,150,PAGE,2,How accurate are the glosses?,8,5
12,Ed Sci Exp 1 Teacher Chinese,146,2025-09-02T04:18:13.313092+00:00,139,shuai,329,"Supermodel Lisa Loves Phrasal Verbs (gpt-image-1, gpt-5, Chinese glosses)",/accounts/public_content/329/,150,PAGE,2,How accurate are the glosses?,9,5
12,Ed Sci Exp 1 Teacher Chinese,146,2025-09-02T04:18:13.313092+00:00,139,shuai,329,"Supermodel Lisa Loves Phrasal Verbs (gpt-image-1, gpt-5, Chinese glosses)",/accounts/public_content/329/,150,PAGE,2,How accurate are the glosses?,10,5
12,Ed Sci Exp 1 Teacher Chinese,146,2025-09-02T04:18:13.313092+00:00,139,shuai,329,"Supermodel Lisa Loves Phrasal Verbs (gpt-image-1, gpt-5, Chinese glosses)",/accounts/public_content/329/,150,PAGE,2,How accurate are the glosses?,11,4
12,Ed Sci Exp 1 Teacher Chinese,146,2025-09-02T04:18:13.313092+00:00,139,shuai,329,"Supermodel Lisa Loves Phrasal Verbs (gpt-image-1, gpt-5, Chinese glosses)",/accounts/public_content/329/,150,PAGE,2,How accurate are the glosses?,12,5
12,Ed Sci Exp 1 Teacher Chinese,146,2025-09-02T04:18:13.313092+00:00,139,shuai,329,"Supermodel Lisa Loves Phrasal Verbs (gpt-image-1, gpt-5, Chinese glosses)",/accounts/public_content/329/,150,PAGE,2,How accurate are the glosses?,13,4
12,Ed Sci Exp 1 Teacher Chinese,146,2025-09-02T04:18:13.313092+00:00,139,shuai,329,"Supermodel Lisa Loves Phrasal Verbs (gpt-image-1, gpt-5, Chinese glosses)",/accounts/public_content/329/,151,PAGE,3,How accurate are the translations?,1,5
12,Ed Sci Exp 1 Teacher Chinese,146,2025-09-02T04:18:13.313092+00:00,139,shuai,329,"Supermodel Lisa Loves Phrasal Verbs (gpt-image-1, gpt-5, Chinese glosses)",/accounts/public_content/329/,151,PAGE,3,How accurate are the translations?,2,5
12,Ed Sci Exp 1 Teacher Chinese,146,2025-09-02T04:18:13.313092+00:00,139,shuai,329,"Supermodel Lisa Loves Phrasal Verbs (gpt-image-1, gpt-5, Chinese glosses)",/accounts/public_content/329/,151,PAGE,3,How accurate are the translations?,3,4
12,Ed Sci Exp 1 Teacher Chinese,146,2025-09-02T04:18:13.313092+00:00,139,shuai,329,"Supermodel Lisa Loves Phrasal Verbs (gpt-image-1, gpt-5, Chinese glosses)",/accounts/public_content/329/,151,PAGE,3,How accurate are the translations?,4,5
12,Ed Sci Exp 1 Teacher Chinese,146,2025-09-02T04:18:13.313092+00:00,139,shuai,329,"Supermodel Lisa Loves Phrasal Verbs (gpt-image-1, gpt-5, Chinese glosses)",/accounts/public_content/329/,151,PAGE,3,How accurate are the translations?,5,5
12,Ed Sci Exp 1 Teacher Chinese,146,2025-09-02T04:18:13.313092+00:00,139,shuai,329,"Supermodel Lisa Loves Phrasal Verbs (gpt-image-1, gpt-5, Chinese glosses)",/accounts/public_content/329/,151,PAGE,3,How accurate are the translations?,6,4
12,Ed Sci Exp 1 Teacher Chinese,146,2025-09-02T04:18:13.313092+00:00,139,shuai,329,"Supermodel Lisa Loves Phrasal Verbs (gpt-image-1, gpt-5, Chinese glosses)",/accounts/public_content/329/,151,PAGE,3,How accurate are the translations?,7,4
12,Ed Sci Exp 1 Teacher Chinese,146,2025-09-02T04:18:13.313092+00:00,139,shuai,329,"Supermodel Lisa Loves Phrasal Verbs (gpt-image-1, gpt-5, Chinese glosses)",/accounts/public_content/329/,151,PAGE,3,How accurate are the translations?,8,4
12,Ed Sci Exp 1 Teacher Chinese,146,2025-09-02T04:18:13.313092+00:00,139,shuai,329,"Supermodel Lisa Loves Phrasal Verbs (gpt-image-1, gpt-5, Chinese glosses)",/accounts/public_content/329/,151,PAGE,3,How accurate are the translations?,9,5
12,Ed Sci Exp 1 Teacher Chinese,146,2025-09-02T04:18:13.313092+00:00,139,shuai,329,"Supermodel Lisa Loves Phrasal Verbs (gpt-image-1, gpt-5, Chinese glosses)",/accounts/public_content/329/,151,PAGE,3,How accurate are the translations?,10,5
12,Ed Sci Exp 1 Teacher Chinese,146,2025-09-02T04:18:13.313092+00:00,139,shuai,329,"Supermodel Lisa Loves Phrasal Verbs (gpt-image-1, gpt-5, Chinese glosses)",/accounts/public_content/329/,151,PAGE,3,How accurate are the translations?,11,5
12,Ed Sci Exp 1 Teacher Chinese,146,2025-09-02T04:18:13.313092+00:00,139,shuai,329,"Supermodel Lisa Loves Phrasal Verbs (gpt-image-1, gpt-5, Chinese glosses)",/accounts/public_content/329/,151,PAGE,3,How accurate are the translations?,12,4
12,Ed Sci Exp 1 Teacher Chinese,146,2025-09-02T04:18:13.313092+00:00,139,shuai,329,"Supermodel Lisa Loves Phrasal Verbs (gpt-image-1, gpt-5, Chinese glosses)",/accounts/public_content/329/,151,PAGE,3,How accurate are the translations?,13,5
